SPD	0.090788	0.081721	0.072790	0.063674	0.054516	0.045454	0.036425	0.027248	0.018018	0.009079	0.000000
AOD	0.043415	0.039487	0.035736	0.031809	0.028115	0.024049	0.020367	0.016201	0.012180	0.007641	0.000000
EOD	0.054639	0.050008	0.045629	0.041021	0.037005	0.032037	0.027850	0.022677	0.017920	0.011917	0.000000
ERD	0.050158	0.055494	0.060847	0.066200	0.071370	0.076793	0.082152	0.087683	0.093016	0.098342	0.103684
Acc	0.845165	0.835834	0.826418	0.817079	0.807715	0.798337	0.789008	0.779581	0.770232	0.760854	0.751506
Mac-P	0.795234	0.787475	0.779990	0.773010	0.766326	0.759957	0.753992	0.747951	0.742559	0.737008	0.375753
Mac-R	0.765381	0.738885	0.712291	0.685775	0.659248	0.632677	0.606196	0.579592	0.553059	0.526515	0.500000
Mac-F1	0.776888	0.756089	0.733373	0.708631	0.681399	0.651172	0.617543	0.579504	0.536353	0.486749	0.429061
AUC	0.765381	0.738885	0.712291	0.685775	0.659248	0.632677	0.606196	0.579592	0.553059	0.526515	0.500000
MCC	0.561787	0.525981	0.489368	0.452064	0.413414	0.372828	0.329718	0.282044	0.227760	0.159133	0.000000
