SPD	0.180162	0.162133	0.144113	0.126040	0.108104	0.089990	0.072068	0.054029	0.036063	0.017972	0.000000
AOD	0.077707	0.070081	0.062397	0.054711	0.047274	0.039563	0.032151	0.024550	0.017317	0.009411	0.000000
EOD	0.079644	0.071994	0.064157	0.056422	0.049041	0.041321	0.034037	0.026370	0.019493	0.011252	0.000000
ERD	0.111488	0.120267	0.129127	0.137898	0.146759	0.155454	0.164227	0.173087	0.181825	0.190707	0.199477
Acc	0.846917	0.837400	0.827811	0.818308	0.808759	0.799237	0.789720	0.780105	0.770583	0.761043	0.751506
Mac-P	0.804205	0.796338	0.788763	0.781710	0.774939	0.768552	0.762496	0.756317	0.750801	0.745383	0.375753
Mac-R	0.769438	0.742523	0.715529	0.688628	0.661655	0.634743	0.607829	0.580808	0.553885	0.526942	0.500000
Mac-F1	0.783172	0.761915	0.738724	0.713499	0.685681	0.654945	0.620647	0.581912	0.538051	0.487654	0.429061
AUC	0.769438	0.742523	0.715529	0.688628	0.661655	0.634743	0.607829	0.580808	0.553885	0.526942	0.500000
MCC	0.572172	0.535742	0.498514	0.460604	0.421219	0.380040	0.336090	0.287482	0.232187	0.162356	0.000000
