SPD	0.093303	0.083992	0.074816	0.065416	0.056044	0.046667	0.037475	0.028017	0.018514	0.009310	0.000000
AOD	0.044812	0.040740	0.037003	0.032804	0.028901	0.024613	0.020985	0.016706	0.012504	0.007835	0.000000
EOD	0.055405	0.050674	0.046589	0.041597	0.037361	0.032143	0.028227	0.023066	0.018182	0.012158	0.000000
ERD	0.050994	0.056263	0.061424	0.066792	0.071861	0.077275	0.082549	0.087935	0.093172	0.098405	0.103684
Acc	0.847344	0.837786	0.828162	0.818588	0.809026	0.799456	0.789880	0.780219	0.770649	0.761082	0.751506
Mac-P	0.804974	0.797110	0.789540	0.782449	0.775707	0.769310	0.763227	0.757007	0.751409	0.746094	0.375753
Mac-R	0.769714	0.742776	0.715763	0.688785	0.661863	0.634896	0.607919	0.580874	0.553910	0.526962	0.500000
Mac-F1	0.783556	0.762258	0.739034	0.713711	0.685934	0.655125	0.620738	0.581966	0.538047	0.487659	0.429061
AUC	0.769714	0.742776	0.715763	0.688785	0.661863	0.634896	0.607919	0.580874	0.553910	0.526962	0.500000
MCC	0.573142	0.536674	0.499414	0.461358	0.422040	0.380756	0.336664	0.287953	0.232497	0.162639	0.000000
