SPD	0.098130	0.088403	0.078511	0.069009	0.058829	0.049270	0.039192	0.029720	0.019544	0.010573	0.000000
AOD	0.056284	0.053359	0.049258	0.045843	0.041818	0.037697	0.033363	0.028319	0.022447	0.015284	0.000000
EOD	0.063897	0.062795	0.059432	0.057297	0.054149	0.050079	0.046743	0.041018	0.034062	0.024147	0.000000
ERD	0.075425	0.078752	0.082107	0.085222	0.088733	0.092784	0.095402	0.098790	0.102383	0.105719	0.108760
Acc	0.896865	0.894432	0.891966	0.889529	0.887127	0.884662	0.882212	0.879844	0.877286	0.874892	0.872441
Mac-P	0.773340	0.770063	0.766743	0.763621	0.760669	0.757594	0.754651	0.752402	0.748515	0.746496	0.436221
Mac-R	0.737694	0.713977	0.690166	0.666315	0.642712	0.618932	0.595112	0.571496	0.547455	0.523774	0.500000
Mac-F1	0.752188	0.735816	0.717740	0.697795	0.675905	0.651265	0.623502	0.592343	0.555991	0.514587	0.465937
AUC	0.737694	0.713977	0.690166	0.666315	0.642712	0.618932	0.595112	0.571496	0.547455	0.523774	0.500000
MCC	0.508770	0.479786	0.449486	0.417852	0.384859	0.349228	0.310469	0.267949	0.216548	0.152564	0.000000
