SPD	0.097672	0.087812	0.078118	0.068534	0.058862	0.048512	0.038830	0.029410	0.019491	0.010575	0.000000
AOD	0.057682	0.053907	0.050078	0.046521	0.042003	0.037279	0.032838	0.027996	0.022583	0.015051	0.000000
EOD	0.068795	0.065975	0.062750	0.060117	0.055403	0.050565	0.046672	0.041148	0.034801	0.023951	0.000000
ERD	0.072943	0.076448	0.080092	0.083645	0.087427	0.091484	0.094332	0.097919	0.101737	0.105277	0.108760
Acc	0.897761	0.895247	0.892713	0.890162	0.887646	0.885072	0.882602	0.880084	0.877481	0.874967	0.872441
Mac-P	0.770447	0.767231	0.764046	0.760888	0.757918	0.754711	0.752215	0.749554	0.746073	0.743653	0.436221
Mac-R	0.734934	0.711479	0.687983	0.664445	0.641021	0.617479	0.594057	0.570624	0.546965	0.523458	0.500000
Mac-F1	0.749014	0.732763	0.714880	0.695118	0.673338	0.648871	0.621595	0.590647	0.554887	0.513851	0.465937
AUC	0.734934	0.711479	0.687983	0.664445	0.641021	0.617479	0.594057	0.570624	0.546965	0.523458	0.500000
MCC	0.504213	0.475510	0.445613	0.414258	0.381405	0.345922	0.307977	0.265428	0.214862	0.151025	0.000000
