SPD	0.107235	0.096472	0.085861	0.075364	0.064709	0.053288	0.043029	0.032195	0.021449	0.011610	0.000000
AOD	0.068635	0.063163	0.057607	0.053071	0.047651	0.041637	0.036853	0.030259	0.024006	0.016091	0.000000
EOD	0.080974	0.075706	0.069921	0.066501	0.060911	0.054325	0.050463	0.042717	0.035747	0.025025	0.000000
ERD	0.077523	0.080597	0.083957	0.086756	0.090150	0.094078	0.096466	0.099573	0.102691	0.105752	0.108760
Acc	0.897372	0.894882	0.892387	0.889924	0.887400	0.884905	0.882418	0.879962	0.877387	0.874935	0.872441
Mac-P	0.774504	0.771143	0.767832	0.764777	0.761480	0.758405	0.755534	0.752852	0.749068	0.746868	0.436221
Mac-R	0.741330	0.717208	0.693049	0.668969	0.644865	0.620683	0.596508	0.572556	0.548231	0.524147	0.500000
Mac-F1	0.754319	0.737886	0.719795	0.699918	0.677766	0.652983	0.625076	0.593709	0.557176	0.515266	0.465937
AUC	0.741330	0.717208	0.693049	0.668969	0.644865	0.620683	0.596508	0.572556	0.548231	0.524147	0.500000
MCC	0.513364	0.484002	0.453456	0.421753	0.388032	0.352048	0.313010	0.269932	0.218370	0.153739	0.000000
