SPD	0.165007	0.148201	0.131672	0.115892	0.099115	0.082705	0.066081	0.049580	0.033166	0.016896	0.000000
AOD	0.142985	0.128377	0.114073	0.100713	0.086086	0.072089	0.057859	0.044070	0.030121	0.016517	0.000000
EOD	0.101969	0.091858	0.081705	0.071712	0.061674	0.051882	0.041824	0.031926	0.021878	0.012397	0.000000
ERD	0.018989	0.017985	0.020757	0.027112	0.035913	0.045800	0.055989	0.065917	0.076417	0.086859	0.096882
Acc	0.657688	0.646237	0.635056	0.623633	0.612688	0.601015	0.589842	0.578605	0.567509	0.555957	0.544581
Mac-P	0.655522	0.644838	0.635816	0.627616	0.620917	0.613979	0.608529	0.603495	0.599509	0.594386	0.272291
Mac-R	0.651517	0.636230	0.621217	0.605942	0.591182	0.575665	0.560637	0.545559	0.530633	0.515242	0.500000
Mac-F1	0.651343	0.635216	0.617568	0.597540	0.575665	0.550044	0.521422	0.488568	0.450752	0.405852	0.352556
AUC	0.651517	0.636230	0.621217	0.605942	0.591182	0.575665	0.560637	0.545559	0.530633	0.515242	0.500000
MCC	0.306978	0.280877	0.256533	0.232443	0.209881	0.185598	0.162097	0.137186	0.110270	0.075714	0.000000
