SPD	0.193846	0.174293	0.155325	0.136036	0.115974	0.096682	0.077437	0.058345	0.039233	0.019717	0.000000
AOD	0.163899	0.147328	0.131444	0.115291	0.098260	0.082370	0.066211	0.050430	0.034967	0.019367	0.000000
EOD	0.140541	0.126538	0.112517	0.098751	0.084184	0.069738	0.056450	0.043006	0.029508	0.015017	0.000000
ERD	0.036544	0.044055	0.051735	0.060546	0.069345	0.077429	0.086996	0.096077	0.105203	0.113135	0.122606
Acc	0.656856	0.645506	0.634459	0.623104	0.612201	0.600688	0.589530	0.578369	0.567278	0.555963	0.544581
Mac-P	0.654732	0.644158	0.635274	0.627113	0.620456	0.613701	0.608130	0.603127	0.598984	0.594660	0.272291
Mac-R	0.650539	0.635365	0.620499	0.605308	0.590600	0.575259	0.560270	0.545280	0.530374	0.515230	0.500000
Mac-F1	0.650289	0.634215	0.616663	0.596682	0.574812	0.549337	0.520793	0.488030	0.450255	0.405687	0.352556
AUC	0.650539	0.635365	0.620499	0.605308	0.590600	0.575259	0.560270	0.545280	0.530374	0.515230	0.500000
MCC	0.305202	0.279318	0.255252	0.231280	0.208797	0.184857	0.161295	0.136507	0.109504	0.075787	0.000000
