SPD	0.164152	0.147522	0.131002	0.115348	0.098589	0.082127	0.065582	0.049390	0.033193	0.016751	0.000000
AOD	0.141837	0.127439	0.113147	0.099892	0.085259	0.071352	0.057252	0.043504	0.029966	0.016443	0.000000
EOD	0.104269	0.093862	0.083338	0.073182	0.063127	0.052848	0.042543	0.032227	0.022329	0.012559	0.000000
ERD	0.016959	0.017510	0.021570	0.028020	0.037180	0.046725	0.056743	0.066478	0.076769	0.087066	0.096882
Acc	0.655981	0.644715	0.633683	0.622461	0.611696	0.600239	0.589218	0.578055	0.567163	0.555845	0.544581
Mac-P	0.654286	0.643406	0.634213	0.625975	0.619259	0.612407	0.606873	0.601649	0.597784	0.592987	0.272291
Mac-R	0.650287	0.635136	0.620221	0.605094	0.590460	0.575121	0.560201	0.545154	0.530381	0.515179	0.500000
Mac-F1	0.649734	0.633950	0.616587	0.596877	0.575244	0.549928	0.521509	0.488721	0.450993	0.406147	0.352556
AUC	0.650287	0.635136	0.620221	0.605094	0.590460	0.575121	0.560201	0.545154	0.530381	0.515179	0.500000
MCC	0.304493	0.278330	0.253921	0.229964	0.207544	0.183576	0.160204	0.135282	0.108800	0.074951	0.000000
