SPD	0.184393	0.165023	0.148315	0.129656	0.111413	0.093430	0.075889	0.060063	0.041889	0.025865	0.000000
AOD	0.145155	0.133446	0.123546	0.111933	0.100805	0.088633	0.076745	0.064813	0.049981	0.034665	0.000000
EOD	0.154242	0.139265	0.124740	0.109165	0.094879	0.081382	0.066349	0.054312	0.039314	0.025779	0.000000
ERD	0.107888	0.113426	0.117133	0.121215	0.125623	0.131660	0.135591	0.140005	0.145167	0.149837	0.154038
Acc	0.740267	0.736823	0.732751	0.729491	0.725957	0.722329	0.717915	0.714845	0.710941	0.707123	0.703667
Mac-P	0.687435	0.681161	0.674421	0.669439	0.664282	0.659440	0.653270	0.650316	0.644729	0.639022	0.351833
Mac-R	0.673425	0.656227	0.638477	0.621661	0.604606	0.587189	0.568853	0.552455	0.534484	0.517100	0.500000
Mac-F1	0.676799	0.662494	0.645987	0.628745	0.609133	0.586670	0.559938	0.532228	0.497668	0.458653	0.412949
AUC	0.673425	0.656227	0.638477	0.621661	0.604606	0.587189	0.568853	0.552455	0.534484	0.517100	0.500000
MCC	0.359999	0.335820	0.310134	0.286408	0.261391	0.235002	0.204563	0.176609	0.140300	0.096254	0.000000
