SPD	0.122805	0.110647	0.098312	0.085952	0.073670	0.061343	0.048934	0.036909	0.024551	0.012185	0.000000
AOD	0.100713	0.090957	0.080609	0.070438	0.060506	0.050140	0.040266	0.031063	0.021161	0.011568	0.000000
EOD	0.136991	0.123946	0.109562	0.095757	0.082349	0.067816	0.054807	0.042724	0.029406	0.016553	0.000000
ERD	0.096964	0.100728	0.104875	0.108749	0.112634	0.116985	0.120573	0.124415	0.128348	0.132423	0.136136
Acc	0.848195	0.846196	0.844108	0.842150	0.840036	0.837972	0.836083	0.833970	0.832048	0.830017	0.827976
Mac-P	0.736999	0.733983	0.730800	0.728044	0.724890	0.721858	0.719722	0.716522	0.714811	0.712816	0.413988
Mac-R	0.669872	0.652908	0.635847	0.618977	0.601849	0.584658	0.568037	0.550782	0.533998	0.516996	0.500000
Mac-F1	0.691839	0.676915	0.660572	0.643016	0.623464	0.601907	0.578898	0.552333	0.523387	0.490404	0.452943
AUC	0.669872	0.652908	0.635847	0.618977	0.601849	0.584658	0.568037	0.550782	0.533998	0.516996	0.500000
MCC	0.400175	0.377205	0.353068	0.328396	0.301683	0.273155	0.243662	0.208906	0.170168	0.119612	0.000000
