SPD	0.117903	0.106358	0.094358	0.082430	0.070708	0.058749	0.047010	0.035507	0.023635	0.011676	0.000000
AOD	0.099344	0.089871	0.079446	0.069348	0.059618	0.049523	0.039737	0.030732	0.020930	0.011290	0.000000
EOD	0.140212	0.127056	0.112068	0.097773	0.084149	0.069804	0.056112	0.043856	0.030123	0.016595	0.000000
ERD	0.094595	0.098592	0.102929	0.107140	0.111240	0.115577	0.119628	0.123645	0.127820	0.132199	0.136136
Acc	0.851615	0.849255	0.846894	0.844524	0.842090	0.839651	0.837459	0.835060	0.832765	0.830322	0.827976
Mac-P	0.747834	0.744853	0.741948	0.739067	0.736058	0.733139	0.731062	0.728467	0.726550	0.723307	0.413988
Mac-R	0.666962	0.650304	0.633630	0.616915	0.600059	0.583094	0.566882	0.550017	0.533546	0.516645	0.500000
Mac-F1	0.691401	0.676091	0.659535	0.641517	0.621683	0.599877	0.576984	0.550693	0.522111	0.489374	0.452943
AUC	0.666962	0.650304	0.633630	0.616915	0.600059	0.583094	0.566882	0.550017	0.533546	0.516645	0.500000
MCC	0.405253	0.382137	0.358130	0.332936	0.305982	0.277048	0.247408	0.212685	0.173321	0.121082	0.000000
