SPD	0.123310	0.110981	0.098720	0.086356	0.074027	0.061740	0.049299	0.037165	0.024837	0.012163	0.000000
AOD	0.121765	0.109659	0.097526	0.085340	0.073211	0.061102	0.048654	0.036995	0.024957	0.012681	0.000000
EOD	0.196492	0.176992	0.157347	0.137760	0.118152	0.098590	0.078490	0.059922	0.040479	0.020560	0.000000
ERD	0.075092	0.081183	0.087340	0.093341	0.099539	0.105670	0.111729	0.117580	0.123777	0.130255	0.136136
Acc	0.864797	0.861113	0.857402	0.853695	0.850048	0.846310	0.842708	0.839043	0.835368	0.831641	0.827976
Mac-P	0.783396	0.780221	0.777030	0.773788	0.771105	0.767936	0.765325	0.762708	0.760131	0.756735	0.413988
Mac-R	0.681762	0.663590	0.645333	0.627214	0.608973	0.590652	0.572744	0.554588	0.536439	0.518158	0.500000
Mac-F1	0.713808	0.696459	0.677701	0.657590	0.635712	0.611766	0.586232	0.557842	0.526561	0.491651	0.452943
AUC	0.681762	0.663590	0.645333	0.627214	0.608973	0.590652	0.572744	0.554588	0.536439	0.518158	0.500000
MCC	0.453841	0.428127	0.401218	0.373152	0.343651	0.311573	0.277716	0.239339	0.194497	0.136246	0.000000
