accuracy	0.832166	0.837400	0.833567	0.828628	0.839463	0.841969	0.835188	0.834230	0.838874	0.824648	0.827744	0.828923	0.818162	0.840422	0.828112	0.836073	0.834156	0.837694	0.844181	0.842780	0.843370	0.827154	0.834378	0.826859	0.832609	0.838431	0.834304	0.832019	0.831724	0.835336	0.836810	0.841896	0.836589	0.829439	0.838726	0.837473	0.831134	0.838431	0.833714	0.839537	0.837989	0.828849	0.840716	0.833051	0.838063	0.840127	0.835409	0.838210	0.822879	0.838505	0.834762	0.005526
recall1	0.517664	0.511111	0.519488	0.463755	0.513457	0.500748	0.491784	0.494560	0.535457	0.478679	0.464118	0.456746	0.381289	0.575839	0.429845	0.500746	0.473716	0.539446	0.562070	0.530502	0.589521	0.449331	0.555189	0.463759	0.530636	0.529498	0.520739	0.490465	0.485228	0.507319	0.543616	0.569059	0.498944	0.428054	0.512342	0.536082	0.498659	0.564634	0.487717	0.524237	0.552341	0.469315	0.514732	0.459516	0.519178	0.530495	0.490915	0.502798	0.432361	0.536380	0.504682	0.041609
recall0	0.938375	0.945447	0.940172	0.949025	0.946102	0.953452	0.947652	0.947865	0.937494	0.937189	0.949346	0.952750	0.964201	0.927829	0.959424	0.946065	0.952246	0.935835	0.936424	0.944928	0.926274	0.951774	0.925340	0.944737	0.934029	0.942028	0.935210	0.944276	0.945380	0.945720	0.931539	0.930153	0.945767	0.959227	0.944558	0.938065	0.940364	0.930966	0.946622	0.942592	0.931760	0.947812	0.946587	0.955382	0.941010	0.940127	0.948678	0.950157	0.953116	0.940973	0.943441	0.008572
recall_macro	0.728020	0.728279	0.729830	0.706390	0.729779	0.727100	0.719718	0.721213	0.736475	0.707934	0.706732	0.704748	0.672745	0.751834	0.694635	0.723406	0.712981	0.737640	0.749247	0.737715	0.757897	0.700553	0.740264	0.704248	0.732333	0.735763	0.727975	0.717370	0.715304	0.726519	0.737577	0.749606	0.722355	0.693641	0.728450	0.737074	0.719511	0.747800	0.717170	0.733414	0.742051	0.708564	0.730660	0.707449	0.730094	0.735311	0.719796	0.726478	0.692738	0.738676	0.724061	0.017071
precision1	0.739366	0.756247	0.746656	0.750120	0.757055	0.778502	0.754700	0.760398	0.735756	0.712561	0.753942	0.762821	0.780723	0.724963	0.777419	0.752804	0.764706	0.734495	0.742981	0.759093	0.723100	0.754491	0.707839	0.731499	0.729839	0.753865	0.721174	0.743115	0.744505	0.758757	0.719537	0.724933	0.748416	0.772455	0.749780	0.742857	0.733129	0.734345	0.748850	0.749038	0.726559	0.748463	0.757857	0.771314	0.739673	0.741038	0.758748	0.771003	0.754630	0.755018	0.747223	0.016858
precision0	0.852091	0.853801	0.852170	0.842852	0.856005	0.853915	0.850606	0.848613	0.861283	0.846778	0.841206	0.840541	0.823381	0.868791	0.836166	0.852443	0.846689	0.860631	0.867367	0.860196	0.873571	0.839747	0.864591	0.844402	0.855597	0.856542	0.858433	0.849366	0.848458	0.850838	0.863341	0.869664	0.853747	0.838363	0.856599	0.858325	0.850953	0.863520	0.849908	0.858390	0.863768	0.843695	0.857269	0.843688	0.858401	0.861111	0.850022	0.851317	0.834294	0.856822	0.852805	0.009771
precision_macro	0.795728	0.805024	0.799413	0.796486	0.806530	0.816208	0.802653	0.804505	0.798519	0.779670	0.797574	0.801681	0.802052	0.796877	0.806793	0.802624	0.805698	0.797563	0.805174	0.809644	0.798335	0.797119	0.786215	0.787950	0.792718	0.805204	0.789804	0.796240	0.796482	0.804797	0.791439	0.797299	0.801081	0.805409	0.803189	0.800591	0.792041	0.798933	0.799379	0.803714	0.795164	0.796079	0.807563	0.807501	0.799037	0.801074	0.804385	0.811160	0.794462	0.805920	0.800014	0.006606
f1score1	0.608964	0.609972	0.612693	0.573160	0.611903	0.609472	0.595514	0.599323	0.619826	0.572660	0.574549	0.571376	0.512354	0.641853	0.553599	0.601434	0.585024	0.622039	0.639986	0.624538	0.649513	0.563233	0.622289	0.567642	0.614497	0.622069	0.604782	0.590917	0.587534	0.608070	0.619326	0.637608	0.598733	0.550854	0.608727	0.622754	0.593578	0.638403	0.590711	0.616793	0.627584	0.576895	0.613071	0.575922	0.610115	0.618335	0.596129	0.608665	0.549747	0.627191	0.601039	0.027298
f1score0	0.893154	0.897290	0.894011	0.892793	0.898801	0.900943	0.896510	0.895497	0.897774	0.889693	0.892011	0.893135	0.888245	0.897340	0.893565	0.896817	0.896371	0.896659	0.900574	0.900573	0.899150	0.892258	0.893934	0.891756	0.893094	0.897253	0.895179	0.894310	0.894301	0.895773	0.896144	0.898892	0.897404	0.894732	0.898431	0.896425	0.893427	0.895976	0.895662	0.898522	0.896477	0.892728	0.899717	0.896068	0.897809	0.898886	0.896644	0.898026	0.889755	0.896928	0.895748	0.002850
f1score_macro	0.751059	0.753631	0.753352	0.732976	0.755352	0.755207	0.746012	0.747410	0.758800	0.731176	0.733280	0.732255	0.700299	0.769596	0.723582	0.749125	0.740697	0.759349	0.770280	0.762556	0.774332	0.727746	0.758112	0.729699	0.753795	0.759661	0.749980	0.742613	0.740917	0.751922	0.757735	0.768250	0.748068	0.722793	0.753579	0.759590	0.743503	0.767189	0.743187	0.757658	0.762030	0.734812	0.756394	0.735995	0.753962	0.758611	0.746387	0.753345	0.719751	0.762059	0.748393	0.014746
roc_auc	0.728020	0.728279	0.729830	0.706390	0.729779	0.727100	0.719718	0.721213	0.736475	0.707934	0.706732	0.704748	0.672745	0.751834	0.694635	0.723406	0.712981	0.737640	0.749247	0.737715	0.757897	0.700553	0.740264	0.704248	0.732333	0.735763	0.727975	0.717370	0.715304	0.726519	0.737577	0.749606	0.722355	0.693641	0.728450	0.737074	0.719511	0.747800	0.717170	0.733414	0.742051	0.708564	0.730660	0.707449	0.730094	0.735311	0.719796	0.726478	0.692738	0.738676	0.724061	0.017071
mcc	0.519353	0.527753	0.524649	0.494739	0.530789	0.535951	0.515745	0.519078	0.531385	0.482298	0.496056	0.497066	0.456850	0.546859	0.488723	0.520030	0.510324	0.531838	0.551593	0.542613	0.554761	0.488213	0.524470	0.485030	0.521566	0.536491	0.514073	0.507519	0.505307	0.525518	0.526267	0.544821	0.517483	0.486373	0.526360	0.533900	0.506384	0.544336	0.509965	0.532508	0.534583	0.496997	0.532701	0.505136	0.524621	0.532339	0.517311	0.530927	0.476462	0.540429	0.518131	0.020970
spd	0.053722	0.034627	0.068273	0.010731	0.054672	0.062327	0.026086	0.013968	0.038828	0.005438	0.023074	0.026082	0.016574	0.075367	0.010012	0.021838	0.023685	0.032864	0.081735	0.065701	0.085186	0.000177	0.050059	0.004362	0.027126	0.069473	0.011099	0.005040	0.000340	0.044528	0.014343	0.073451	0.034613	0.020871	0.060707	0.041838	0.004122	0.048358	0.012402	0.040141	0.065251	0.020880	0.040224	0.034521	0.028571	0.027723	0.016439	0.043489	0.004619	0.049391	0.034499	0.023237

aod	0.108178	0.142331	0.085318	0.170879	0.123880	0.100773	0.156135	0.163201	0.143866	0.205822	0.152775	0.164148	0.214330	0.099161	0.164557	0.154562	0.154485	0.135112	0.093389	0.085263	0.073284	0.184858	0.132965	0.184725	0.162083	0.100199	0.170657	0.192301	0.189655	0.135348	0.184414	0.096767	0.156283	0.152743	0.078479	0.128102	0.169134	0.133073	0.165330	0.137950	0.111865	0.160013	0.138813	0.141661	0.147144	0.163839	0.171979	0.134358	0.191177	0.108357	0.144314	0.034091
eod	0.209659	0.263702	0.168723	0.311522	0.245168	0.201391	0.288109	0.292960	0.268218	0.363395	0.284673	0.311582	0.387453	0.190977	0.305442	0.279163	0.288425	0.240154	0.182214	0.169238	0.141848	0.331501	0.253339	0.328462	0.292585	0.198425	0.303241	0.342398	0.329467	0.253695	0.321540	0.186481	0.288243	0.283531	0.149438	0.233286	0.293127	0.244818	0.299109	0.263217	0.213664	0.289178	0.260826	0.268818	0.260769	0.300850	0.311099	0.260617	0.343395	0.202756	0.266038	0.055914
erd	0.108831	0.107367	0.108726	0.115720	0.118107	0.119223	0.110587	0.105481	0.100592	0.103935	0.122099	0.131267	0.141415	0.102257	0.127723	0.102540	0.118297	0.087556	0.105514	0.103358	0.090329	0.116759	0.099817	0.106363	0.098182	0.112434	0.091605	0.105783	0.097882	0.112942	0.084973	0.101349	0.111544	0.128368	0.098216	0.095740	0.091047	0.091998	0.105612	0.108660	0.100445	0.113755	0.107590	0.125945	0.092532	0.100927	0.108622	0.119999	0.122673	0.098020	0.107614	0.011967
