accuracy	0.900951	0.903466	0.899093	0.899093	0.900623	0.901935	0.900951	0.902700	0.903247	0.895048	0.896469	0.906417	0.895485	0.903356	0.900077	0.895376	0.898765	0.902919	0.898546	0.897125	0.895048	0.898546	0.900295	0.897671	0.902919	0.899311	0.897999	0.903028	0.902591	0.897562	0.905433	0.903466	0.897781	0.900842	0.895922	0.899858	0.898218	0.898655	0.897343	0.905761	0.900295	0.900077	0.901388	0.903247	0.899967	0.901935	0.903794	0.898655	0.901279	0.900514	0.900221	0.002818
recall1	0.500000	0.451115	0.454858	0.434122	0.416370	0.434974	0.527730	0.416667	0.453438	0.354219	0.393345	0.523643	0.541246	0.461746	0.519264	0.442539	0.499123	0.477954	0.493849	0.504348	0.476724	0.491597	0.446397	0.468103	0.504244	0.481611	0.537456	0.519713	0.482880	0.506427	0.495180	0.419206	0.459322	0.543890	0.420642	0.523484	0.509317	0.475820	0.468586	0.551092	0.552654	0.507569	0.457801	0.545694	0.479825	0.497835	0.498239	0.371829	0.466782	0.486603	0.478941	0.045017
recall0	0.957808	0.969553	0.963803	0.968228	0.968466	0.968286	0.954835	0.973569	0.967867	0.976478	0.970408	0.961024	0.948360	0.964410	0.954403	0.961534	0.955664	0.963060	0.956049	0.953608	0.955803	0.959407	0.964790	0.962972	0.961852	0.958901	0.949744	0.956294	0.962288	0.954762	0.963902	0.968502	0.962721	0.952786	0.964473	0.955115	0.952868	0.959945	0.958755	0.956511	0.950238	0.955010	0.966642	0.954052	0.959785	0.960335	0.961303	0.973888	0.964321	0.960451	0.960917	0.006447
recall_macro	0.728904	0.710334	0.709330	0.701175	0.692418	0.701630	0.741283	0.695118	0.710652	0.665348	0.681876	0.742334	0.744803	0.713078	0.736834	0.702036	0.727393	0.720507	0.724949	0.728978	0.716264	0.725502	0.705593	0.715538	0.733048	0.720256	0.743600	0.738004	0.722584	0.730594	0.729541	0.693854	0.711022	0.748338	0.692558	0.739300	0.731092	0.717883	0.713671	0.753801	0.751446	0.731289	0.712221	0.749873	0.719805	0.729085	0.729771	0.672858	0.715552	0.723527	0.719929	0.019649
precision1	0.626932	0.684005	0.646699	0.670143	0.649098	0.660881	0.627835	0.696839	0.669666	0.693944	0.661406	0.657143	0.610057	0.642053	0.618998	0.626974	0.615801	0.646778	0.614880	0.609884	0.610375	0.644273	0.643038	0.657742	0.661470	0.625711	0.605496	0.622986	0.645540	0.620798	0.661593	0.641243	0.646007	0.626363	0.630689	0.631308	0.602941	0.632606	0.619377	0.644535	0.614714	0.612245	0.668742	0.627907	0.629459	0.644619	0.646119	0.670347	0.654964	0.640501	0.640274	0.022523
precision0	0.931076	0.923609	0.923880	0.920048	0.922146	0.923434	0.933350	0.919654	0.924961	0.909442	0.915858	0.933957	0.932658	0.928366	0.932959	0.921913	0.930561	0.928752	0.930038	0.930454	0.926344	0.926569	0.924614	0.922539	0.929204	0.928399	0.934670	0.934761	0.928993	0.929713	0.930544	0.925465	0.923207	0.934873	0.920267	0.931751	0.932520	0.926655	0.926449	0.937071	0.936653	0.932692	0.923778	0.936627	0.928364	0.929740	0.931085	0.915658	0.925730	0.928157	0.927604	0.005756
precision_macro	0.779004	0.803807	0.785290	0.795096	0.785622	0.792158	0.780592	0.808247	0.797313	0.801693	0.788632	0.795550	0.771357	0.785209	0.775978	0.774444	0.773181	0.787765	0.772459	0.770169	0.768360	0.785421	0.783826	0.790140	0.795337	0.777055	0.770083	0.778874	0.787267	0.775256	0.796068	0.783354	0.784607	0.780618	0.775478	0.781530	0.767731	0.779631	0.772913	0.790803	0.775684	0.772469	0.796260	0.782267	0.778912	0.787179	0.788602	0.793003	0.790347	0.784329	0.783939	0.009613
f1score1	0.556317	0.543669	0.534074	0.526909	0.507317	0.524642	0.573446	0.521505	0.540737	0.469027	0.493312	0.582846	0.573595	0.537173	0.564762	0.518854	0.551357	0.549696	0.547758	0.552118	0.535334	0.557674	0.526971	0.546951	0.572254	0.544285	0.569451	0.566683	0.552486	0.557810	0.566416	0.506979	0.536899	0.582220	0.504683	0.572362	0.552189	0.543125	0.533532	0.594162	0.582035	0.555015	0.543522	0.583921	0.544550	0.561798	0.562624	0.478334	0.545088	0.553045	0.546030	0.026353
f1score0	0.944253	0.946024	0.943419	0.943523	0.944738	0.945328	0.943970	0.945844	0.945928	0.941769	0.942344	0.947297	0.940444	0.946045	0.943559	0.941306	0.942945	0.945595	0.942864	0.941888	0.940843	0.942702	0.944275	0.942322	0.945246	0.943403	0.942147	0.945405	0.945347	0.942071	0.946929	0.946495	0.942550	0.943745	0.941852	0.943289	0.942584	0.943006	0.942325	0.946691	0.943396	0.943719	0.944724	0.945259	0.943813	0.944790	0.945953	0.943876	0.944632	0.944028	0.943930	0.001650
f1score_macro	0.750285	0.744846	0.738747	0.735216	0.726028	0.734985	0.758708	0.733675	0.743332	0.705398	0.717828	0.765072	0.757019	0.741609	0.754161	0.730080	0.747151	0.747645	0.745311	0.747003	0.738088	0.750188	0.735623	0.744636	0.758750	0.743844	0.755799	0.756044	0.748917	0.749941	0.756673	0.726737	0.739725	0.762983	0.723267	0.757826	0.747386	0.743066	0.737929	0.770427	0.762716	0.749367	0.744123	0.764590	0.744181	0.753294	0.754288	0.711105	0.744860	0.748536	0.744980	0.013386
roc_auc	0.728904	0.710334	0.709330	0.701175	0.692418	0.701630	0.741283	0.695118	0.710652	0.665348	0.681876	0.742334	0.744803	0.713078	0.736834	0.702036	0.727393	0.720507	0.724949	0.728978	0.716264	0.725502	0.705593	0.715538	0.733048	0.720256	0.743600	0.738004	0.722584	0.730594	0.729541	0.693854	0.711022	0.748338	0.692558	0.739300	0.731092	0.717883	0.713671	0.753801	0.751446	0.731289	0.712221	0.749873	0.719805	0.729085	0.729771	0.672858	0.715552	0.723527	0.719929	0.019649
mcc	0.505431	0.505573	0.488753	0.487302	0.468866	0.485418	0.520392	0.490487	0.500519	0.446697	0.458237	0.535244	0.515477	0.493039	0.511316	0.470946	0.498476	0.503802	0.495134	0.497444	0.481815	0.507397	0.483126	0.500144	0.524701	0.494057	0.513000	0.515259	0.505731	0.503875	0.521382	0.468740	0.490135	0.527970	0.460632	0.519115	0.497475	0.493667	0.482964	0.543346	0.526572	0.502072	0.501488	0.531153	0.495202	0.512986	0.515024	0.450102	0.500339	0.504203	0.499044	0.020950
spd	0.146408	0.111951	0.213748	0.091667	0.078158	0.108550	0.182034	0.059084	0.024267	0.028001	0.054495	0.060030	0.240389	0.061159	0.123141	0.162359	0.190841	0.106985	0.219783	0.155262	0.096543	0.154258	0.061495	0.065385	0.145086	0.231360	0.058875	0.082211	0.188497	0.157077	0.079460	0.007829	0.192413	0.202320	0.052539	0.193887	0.119575	0.136786	0.206115	0.059156	0.079466	0.157497	0.000693	0.130818	0.109670	0.039691	0.102410	0.011317	0.071656	0.118661	0.114621	0.063004

aod	0.173619	0.093341	0.232267	0.079559	0.036624	0.061627	0.164362	0.030436	0.020395	0.007953	0.038279	0.013874	0.228501	0.041179	0.089876	0.199308	0.180326	0.086046	0.222469	0.161513	0.072849	0.178104	0.019902	0.016025	0.078311	0.204845	0.040662	0.043139	0.161150	0.136026	0.025196	0.033427	0.188067	0.210944	0.026594	0.202554	0.090742	0.085245	0.216087	0.032908	0.048963	0.107744	0.117144	0.074360	0.068217	0.030763	0.058880	0.031502	0.040227	0.066624	0.097375	0.070318
eod	0.267182	0.153839	0.329087	0.115288	0.035526	0.069030	0.204040	0.027557	0.040198	0.006782	0.040657	0.004622	0.319729	0.058888	0.120394	0.321813	0.231764	0.117115	0.300568	0.225455	0.082013	0.259298	0.021398	0.016622	0.061602	0.225895	0.049160	0.065324	0.240667	0.174668	0.026150	0.064567	0.236695	0.295150	0.050935	0.298041	0.117416	0.082666	0.271972	0.061807	0.077316	0.093677	0.223024	0.074923	0.094812	0.045455	0.051325	0.046808	0.054265	0.071245	0.130489	0.100583
erd	0.046241	0.050538	0.083110	0.055144	0.080308	0.091883	0.093511	0.087895	0.046939	0.054528	0.092849	0.057775	0.075921	0.100571	0.065457	0.038693	0.094863	0.062635	0.093976	0.067638	0.068465	0.058738	0.063188	0.064826	0.113939	0.141136	0.072668	0.048952	0.068785	0.081042	0.094546	0.038098	0.103022	0.074610	0.046964	0.060478	0.068124	0.103952	0.111246	0.075969	0.104830	0.117582	0.104355	0.086038	0.069259	0.058074	0.081866	0.056829	0.054776	0.087968	0.076416	0.022513
