accuracy	0.840127	0.845655	0.838947	0.844918	0.844181	0.846539	0.847571	0.846613	0.845950	0.843738	0.839316	0.843665	0.844918	0.843444	0.842043	0.849561	0.845655	0.847350	0.851257	0.848824	0.844918	0.842559	0.844476	0.840200	0.846613	0.846761	0.847129	0.853026	0.851330	0.847055	0.847276	0.846245	0.851109	0.846097	0.846097	0.847571	0.847055	0.846392	0.849267	0.850077	0.845507	0.842338	0.851257	0.846097	0.846023	0.848382	0.853910	0.846687	0.844549	0.843812	0.846202	0.003239
recall1	0.567299	0.604444	0.565445	0.568627	0.561005	0.567195	0.585599	0.596589	0.618690	0.555856	0.512941	0.573074	0.533098	0.584446	0.527348	0.559833	0.586918	0.582316	0.593778	0.615431	0.607784	0.562853	0.642472	0.544962	0.647318	0.589081	0.599455	0.615316	0.583706	0.599824	0.542409	0.618516	0.600603	0.564103	0.623119	0.588218	0.607154	0.628830	0.603655	0.589467	0.624217	0.595909	0.600120	0.570660	0.595892	0.615338	0.602324	0.565538	0.576776	0.578289	0.586877	0.028328
recall0	0.932262	0.925530	0.931780	0.936085	0.936809	0.937806	0.933366	0.930258	0.919816	0.937384	0.948461	0.933694	0.949154	0.929006	0.945800	0.944597	0.930424	0.934561	0.935446	0.925169	0.922362	0.934817	0.910290	0.936048	0.913549	0.933169	0.926832	0.931153	0.939115	0.930253	0.945777	0.919910	0.932111	0.937281	0.918399	0.934133	0.925872	0.919921	0.929416	0.935257	0.918152	0.923877	0.932819	0.936301	0.926775	0.923647	0.936631	0.940523	0.933851	0.933866	0.931590	0.008395
recall_macro	0.749781	0.764987	0.748613	0.752356	0.748907	0.752501	0.759482	0.763423	0.769253	0.746620	0.730701	0.753384	0.741126	0.756726	0.736574	0.752215	0.758671	0.758439	0.764612	0.770300	0.765073	0.748835	0.776381	0.740505	0.780433	0.761125	0.763143	0.773234	0.761411	0.765039	0.744093	0.769213	0.766357	0.750692	0.770759	0.761175	0.766513	0.774375	0.766536	0.762362	0.771184	0.759893	0.766470	0.753481	0.761334	0.769493	0.769477	0.753030	0.755313	0.756078	0.759234	0.010527
precision1	0.738783	0.728832	0.737761	0.745908	0.743854	0.748716	0.742143	0.741052	0.714931	0.742777	0.768959	0.741972	0.778016	0.731155	0.762355	0.768223	0.734305	0.745427	0.750473	0.729012	0.718839	0.740133	0.700000	0.734495	0.715489	0.747208	0.725009	0.746026	0.758728	0.743199	0.763706	0.714136	0.740975	0.744131	0.712319	0.748781	0.729062	0.726323	0.736208	0.748480	0.714578	0.721464	0.743666	0.745802	0.724302	0.722439	0.757587	0.760396	0.744106	0.747836	0.739402	0.016167
precision0	0.864497	0.876022	0.863337	0.868012	0.867089	0.868974	0.873055	0.873303	0.881258	0.866456	0.853438	0.867957	0.858783	0.871253	0.858541	0.867416	0.873014	0.871790	0.875664	0.880305	0.878060	0.866370	0.886552	0.863694	0.885221	0.871335	0.877907	0.880452	0.873055	0.873543	0.864812	0.881720	0.878309	0.869278	0.882563	0.871743	0.877657	0.880000	0.877839	0.874531	0.881557	0.873574	0.877791	0.869435	0.876602	0.881444	0.877500	0.866419	0.868703	0.867186	0.872700	0.007112
precision_macro	0.801640	0.802427	0.800549	0.806960	0.805472	0.808845	0.807599	0.807178	0.798094	0.804616	0.811199	0.804965	0.818400	0.801204	0.810448	0.817819	0.803660	0.808609	0.813068	0.804658	0.798449	0.803251	0.793276	0.799095	0.800355	0.809272	0.801458	0.813239	0.815891	0.808371	0.814259	0.797928	0.809642	0.806704	0.797441	0.810262	0.803360	0.803161	0.807023	0.811506	0.798068	0.797519	0.810729	0.807619	0.800452	0.801942	0.817544	0.813408	0.806405	0.807511	0.806051	0.005905
f1score1	0.641784	0.660836	0.640211	0.645314	0.639618	0.645436	0.654643	0.661020	0.663338	0.635864	0.615385	0.646677	0.632682	0.649621	0.623441	0.647678	0.652390	0.653853	0.662993	0.667423	0.658663	0.639433	0.670003	0.625691	0.679698	0.658789	0.656281	0.674396	0.659808	0.663859	0.634310	0.662896	0.663446	0.641730	0.664740	0.658858	0.662547	0.674069	0.663374	0.659525	0.666348	0.652703	0.664226	0.646581	0.653853	0.664601	0.671092	0.648649	0.649842	0.652224	0.653649	0.013558
f1score0	0.897101	0.900095	0.896254	0.900764	0.900602	0.902079	0.902204	0.900881	0.900124	0.900526	0.898444	0.899626	0.901710	0.899203	0.900061	0.904362	0.900805	0.902085	0.904568	0.902180	0.899666	0.899293	0.898264	0.898416	0.899162	0.901193	0.901706	0.905093	0.904881	0.901007	0.903484	0.900411	0.904410	0.901999	0.900124	0.901860	0.901120	0.899518	0.902892	0.903875	0.899482	0.898021	0.904469	0.901630	0.900991	0.902052	0.906102	0.901952	0.900099	0.899292	0.901123	0.002126
f1score_macro	0.769443	0.780466	0.768232	0.773039	0.770110	0.773757	0.778423	0.780950	0.781731	0.768195	0.756914	0.773151	0.767196	0.774412	0.761751	0.776020	0.776598	0.777969	0.783780	0.784801	0.779165	0.769363	0.784134	0.762053	0.789430	0.779991	0.778994	0.789744	0.782344	0.782433	0.768897	0.781653	0.783928	0.771865	0.782432	0.780359	0.781833	0.786794	0.783133	0.781700	0.782915	0.775362	0.784348	0.774105	0.777422	0.783327	0.788597	0.775300	0.774971	0.775758	0.777386	0.007186
roc_auc	0.749781	0.764987	0.748613	0.752356	0.748907	0.752501	0.759482	0.763423	0.769253	0.746620	0.730701	0.753384	0.741126	0.756726	0.736574	0.752215	0.758671	0.758439	0.764612	0.770300	0.765073	0.748835	0.776381	0.740505	0.780433	0.761125	0.763143	0.773234	0.761411	0.765039	0.744093	0.769213	0.766357	0.750692	0.770759	0.761175	0.766513	0.774375	0.766536	0.762362	0.771184	0.759893	0.766470	0.753481	0.761334	0.769493	0.769477	0.753030	0.755313	0.756078	0.759234	0.010527
mcc	0.548977	0.566177	0.546700	0.556644	0.551485	0.558511	0.565037	0.568921	0.566614	0.548177	0.535888	0.555961	0.554164	0.556154	0.542011	0.566246	0.560528	0.564823	0.575644	0.573931	0.562533	0.549398	0.569406	0.536409	0.580446	0.568361	0.563300	0.585107	0.574726	0.571770	0.553926	0.566414	0.574370	0.554574	0.567573	0.569326	0.568680	0.576819	0.572128	0.571760	0.568617	0.556141	0.575499	0.558482	0.560422	0.570512	0.585050	0.563211	0.559390	0.561237	0.563164	0.011059
spd	0.003966	0.019892	0.024987	0.041545	0.011080	0.012201	0.021138	0.014975	0.003122	0.041385	0.026933	0.002316	0.017486	0.007647	0.010364	0.001726	0.026248	0.005267	0.026455	0.000499	0.030056	0.010569	0.027051	0.019704	0.008490	0.002239	0.020623	0.022734	0.005474	0.017057	0.035164	0.035119	0.030320	0.005084	0.008119	0.006696	0.012971	0.002071	0.007191	0.012041	0.022151	0.000182	0.008362	0.019813	0.006409	0.012034	0.020675	0.010444	0.010806	0.008830	0.015154	0.010777

aod	0.097359	0.125012	0.114494	0.031941	0.097886	0.113151	0.118695	0.121382	0.095132	0.150846	0.133889	0.112904	0.117081	0.069152	0.113127	0.079841	0.132155	0.107137	0.058367	0.091370	0.131507	0.099617	0.069826	0.122799	0.128997	0.098572	0.123804	0.083690	0.099502	0.081593	0.147622	0.043261	0.039278	0.090757	0.090407	0.079306	0.073432	0.114655	0.084508	0.092808	0.071892	0.104296	0.097770	0.122290	0.100011	0.097774	0.073328	0.119522	0.117386	0.083802	0.099299	0.025875
eod	0.166471	0.200283	0.170843	0.061453	0.170896	0.187213	0.188861	0.202515	0.153519	0.240750	0.225997	0.189449	0.194300	0.112750	0.192064	0.129623	0.207650	0.181178	0.102557	0.154063	0.204428	0.168163	0.121603	0.200192	0.219467	0.169140	0.196991	0.152108	0.176000	0.152498	0.233742	0.080711	0.071803	0.148682	0.156019	0.135462	0.136653	0.196600	0.130800	0.160049	0.129136	0.175502	0.163443	0.189320	0.157380	0.171335	0.136046	0.199084	0.187528	0.140068	0.165848	0.038838
erd	0.044586	0.025966	0.020348	0.048982	0.049757	0.036918	0.026491	0.035673	0.025414	0.028684	0.048432	0.041344	0.042940	0.031455	0.047886	0.033398	0.023774	0.039130	0.040822	0.032325	0.017955	0.038372	0.034272	0.036452	0.034085	0.041932	0.023929	0.046725	0.047095	0.050835	0.030118	0.038727	0.037132	0.037632	0.035243	0.037939	0.043967	0.037632	0.025505	0.043000	0.039883	0.037230	0.036674	0.025128	0.024855	0.041037	0.047475	0.040971	0.032035	0.039568	0.036555	0.008170
