accuracy	0.899858	0.899202	0.899421	0.897671	0.901716	0.898437	0.902044	0.901170	0.899311	0.899967	0.898218	0.901716	0.893189	0.903466	0.894829	0.897015	0.899639	0.901826	0.897890	0.897890	0.898765	0.895266	0.897015	0.896141	0.898655	0.897671	0.896687	0.899202	0.899530	0.898327	0.897781	0.906417	0.896359	0.899639	0.899421	0.897234	0.900077	0.898437	0.899421	0.902591	0.898327	0.901935	0.900405	0.902591	0.900623	0.900514	0.901060	0.897999	0.899093	0.896906	0.899171	0.002333
recall1	0.421655	0.413379	0.405847	0.412162	0.397687	0.409490	0.417678	0.431271	0.405570	0.410192	0.412116	0.402802	0.414141	0.418542	0.393170	0.408233	0.420175	0.414462	0.406854	0.411304	0.399138	0.387395	0.389279	0.428335	0.406621	0.373905	0.387631	0.411290	0.403863	0.421594	0.394391	0.421053	0.413559	0.429432	0.414571	0.377455	0.393966	0.414508	0.424956	0.411354	0.396867	0.405165	0.413470	0.422671	0.413158	0.413853	0.415493	0.398950	0.411562	0.376837	0.407981	0.013104
recall0	0.967669	0.970179	0.971318	0.969861	0.972330	0.967911	0.971975	0.969686	0.970243	0.973711	0.969655	0.972892	0.964694	0.970508	0.966396	0.968425	0.967903	0.970797	0.967661	0.967863	0.971328	0.971220	0.969160	0.967254	0.971389	0.972392	0.969746	0.967003	0.970030	0.968045	0.969523	0.971602	0.967867	0.968065	0.969352	0.973546	0.971197	0.968582	0.967379	0.972882	0.970368	0.971461	0.972034	0.970783	0.970026	0.970846	0.969916	0.969265	0.969830	0.972215	0.969920	0.001949
recall_macro	0.694662	0.691779	0.688582	0.691011	0.685008	0.688701	0.694827	0.700479	0.687906	0.691951	0.690886	0.687847	0.689418	0.694525	0.679783	0.688329	0.694039	0.692630	0.687258	0.689584	0.685233	0.679308	0.679220	0.697795	0.689005	0.673149	0.678688	0.689147	0.686947	0.694819	0.681957	0.696327	0.690713	0.698749	0.691961	0.675500	0.682582	0.691545	0.696168	0.692118	0.683617	0.688313	0.692752	0.696727	0.691592	0.692349	0.692705	0.684108	0.690696	0.674526	0.688950	0.006241
precision1	0.649051	0.669444	0.673324	0.670330	0.668161	0.644537	0.682720	0.674731	0.661932	0.701429	0.666207	0.679468	0.636481	0.662393	0.625348	0.653846	0.650815	0.667614	0.641274	0.647945	0.669075	0.668116	0.642029	0.665380	0.677511	0.658951	0.647744	0.633978	0.657143	0.658635	0.648415	0.665693	0.655914	0.661804	0.661134	0.676876	0.657778	0.656635	0.651070	0.684593	0.658009	0.665205	0.685028	0.672727	0.662447	0.672293	0.661992	0.649573	0.664345	0.662614	0.661595	0.014080
precision0	0.921869	0.918832	0.918186	0.917330	0.920146	0.920228	0.920389	0.921219	0.919105	0.916420	0.918190	0.919481	0.916886	0.923505	0.917784	0.918043	0.921412	0.921355	0.919881	0.919568	0.917564	0.913799	0.917820	0.917563	0.917180	0.915872	0.916903	0.921999	0.919616	0.919643	0.918254	0.925904	0.917648	0.921006	0.919872	0.914175	0.919381	0.919439	0.921538	0.920322	0.918027	0.921068	0.918474	0.922083	0.920697	0.919749	0.921271	0.918650	0.919089	0.915067	0.919190	0.002247
precision_macro	0.785460	0.794138	0.795755	0.793830	0.794154	0.782382	0.801554	0.797975	0.790518	0.808924	0.792199	0.799474	0.776683	0.792949	0.771566	0.785944	0.786114	0.794484	0.780578	0.783756	0.793319	0.790958	0.779924	0.791471	0.797345	0.787412	0.782323	0.777989	0.788380	0.789139	0.783334	0.795799	0.786781	0.791405	0.790503	0.795525	0.788580	0.788037	0.786304	0.802457	0.788018	0.793136	0.801751	0.797405	0.791572	0.796021	0.791631	0.784111	0.791717	0.788840	0.790393	0.007035
f1score1	0.511206	0.511135	0.506438	0.510460	0.498606	0.500806	0.518280	0.526205	0.502968	0.517659	0.509225	0.505772	0.501785	0.512962	0.482796	0.502640	0.510661	0.511425	0.497849	0.503191	0.500000	0.490426	0.484683	0.521169	0.508223	0.477095	0.485014	0.498913	0.500272	0.514107	0.490463	0.515837	0.507277	0.520877	0.509595	0.484649	0.492786	0.508205	0.514256	0.513912	0.495114	0.503597	0.515683	0.519158	0.508914	0.512326	0.510546	0.494309	0.508258	0.480441	0.504563	0.011399
f1score0	0.944214	0.943808	0.944005	0.942864	0.945518	0.943467	0.945479	0.944831	0.943982	0.944197	0.943221	0.945432	0.940182	0.946423	0.941463	0.942561	0.944086	0.945430	0.943167	0.943097	0.943681	0.941635	0.942791	0.941754	0.943507	0.943286	0.942585	0.943965	0.944151	0.943223	0.943192	0.948203	0.942089	0.943949	0.943964	0.942927	0.944579	0.943371	0.943902	0.945872	0.943472	0.945593	0.944495	0.945806	0.944718	0.944607	0.944968	0.943279	0.943778	0.942776	0.943871	0.001374
f1score_macro	0.727710	0.727471	0.725221	0.726662	0.722062	0.722137	0.731879	0.735518	0.723475	0.730928	0.726223	0.725602	0.720984	0.729693	0.712129	0.722600	0.727373	0.728428	0.720508	0.723144	0.721840	0.716030	0.713737	0.731461	0.725865	0.710191	0.713799	0.721439	0.722211	0.728665	0.716828	0.732020	0.724683	0.732413	0.726779	0.713788	0.718682	0.725788	0.729079	0.729892	0.719293	0.724595	0.730089	0.732482	0.726816	0.728466	0.727757	0.718794	0.726018	0.711608	0.724217	0.006044
roc_auc	0.694662	0.691779	0.688582	0.691011	0.685008	0.688701	0.694827	0.700479	0.687906	0.691951	0.690886	0.687847	0.689418	0.694525	0.679783	0.688329	0.694039	0.692630	0.687258	0.689584	0.685233	0.679308	0.679220	0.697795	0.689005	0.673149	0.678688	0.689147	0.686947	0.694819	0.681957	0.696327	0.690713	0.698749	0.691961	0.675500	0.682582	0.691545	0.696168	0.692118	0.683617	0.688313	0.692752	0.696727	0.691592	0.692349	0.692705	0.684108	0.690696	0.674526	0.688950	0.006241
mcc	0.471459	0.475014	0.472331	0.473814	0.466566	0.461674	0.484771	0.488825	0.467291	0.487025	0.472341	0.474364	0.457859	0.477434	0.441918	0.464119	0.471242	0.476346	0.458434	0.463877	0.466187	0.456819	0.447964	0.480214	0.474130	0.446161	0.449212	0.458609	0.464377	0.474678	0.454113	0.481968	0.467731	0.481316	0.472294	0.455477	0.459083	0.469774	0.473977	0.482110	0.459935	0.469899	0.482340	0.483767	0.472707	0.477239	0.474125	0.457415	0.471717	0.449044	0.468422	0.011192
spd	0.039215	0.076966	0.040127	0.035435	0.049037	0.053609	0.024276	0.039181	0.040317	0.037340	0.025458	0.040439	0.040670	0.035338	0.067945	0.064420	0.051152	0.052378	0.056898	0.051027	0.023662	0.011697	0.084330	0.054359	0.037477	0.012539	0.059030	0.007832	0.094141	0.028596	0.077044	0.035379	0.053790	0.042943	0.042674	0.034227	0.006831	0.031308	0.034141	0.048684	0.031610	0.044625	0.011383	0.052714	0.041329	0.010827	0.044387	0.016060	0.046783	0.023072	0.041294	0.019156

aod	0.024141	0.028415	0.030749	0.042996	0.038523	0.025355	0.037756	0.090422	0.038198	0.032634	0.063872	0.029362	0.008972	0.032875	0.028014	0.063041	0.044671	0.013872	0.030925	0.047875	0.001511	0.049946	0.059732	0.014172	0.070190	0.082471	0.042207	0.073340	0.049890	0.046306	0.021454	0.048707	0.019602	0.023270	0.027217	0.053581	0.110024	0.065254	0.117955	0.042589	0.090049	0.007816	0.073118	0.020646	0.026050	0.039051	0.007520	0.026374	0.022578	0.045916	0.042624	0.025557
eod	0.026673	0.023346	0.042356	0.064385	0.050376	0.032593	0.069057	0.142216	0.049356	0.052196	0.111566	0.039203	0.008174	0.062784	0.024800	0.116179	0.054478	0.003942	0.027420	0.053636	0.000897	0.091228	0.081694	0.024539	0.116051	0.149073	0.068355	0.145746	0.072972	0.080781	0.018475	0.066488	0.012960	0.027260	0.041896	0.083262	0.215396	0.113168	0.182605	0.069221	0.160896	0.001745	0.139549	0.023933	0.046583	0.071818	0.000418	0.037099	0.023781	0.089560	0.066244	0.049848
erd	0.059953	0.086647	0.074957	0.076414	0.093093	0.092137	0.066717	0.115288	0.073749	0.078955	0.090956	0.073748	0.057605	0.088442	0.079628	0.032023	0.088104	0.069253	0.086199	0.084561	0.037047	0.059247	0.071384	0.059202	0.117621	0.096699	0.050677	0.091711	0.084852	0.077944	0.098919	0.066097	0.062265	0.065845	0.080669	0.093675	0.104635	0.103727	0.109440	0.108790	0.157612	0.062457	0.087507	0.081329	0.085594	0.052820	0.058961	0.052026	0.073090	0.095911	0.080324	0.021836
