accuracy	0.818235	0.824058	0.821773	0.821257	0.826712	0.827965	0.824795	0.823542	0.825827	0.827744	0.823542	0.822953	0.825754	0.819415	0.822953	0.825901	0.825827	0.828333	0.828407	0.822511	0.828555	0.822068	0.822658	0.821036	0.821847	0.824427	0.823690	0.822805	0.829071	0.824280	0.824501	0.821257	0.825606	0.826343	0.825090	0.822289	0.828333	0.823542	0.825606	0.823911	0.826122	0.825901	0.824206	0.825090	0.828849	0.823174	0.824574	0.819488	0.822289	0.819710	0.824277	0.002613
recall1	0.446423	0.456296	0.462187	0.446524	0.463517	0.463634	0.454736	0.456336	0.457031	0.459459	0.445000	0.449365	0.473963	0.439893	0.438466	0.448821	0.450717	0.463829	0.468741	0.450359	0.465569	0.445765	0.454709	0.433083	0.460276	0.459348	0.439600	0.444577	0.467920	0.471311	0.436161	0.447226	0.443439	0.473303	0.466586	0.437997	0.475410	0.466881	0.454464	0.436565	0.475097	0.465461	0.435358	0.456827	0.483238	0.441123	0.445338	0.422975	0.445034	0.439464	0.453708	0.013180
recall0	0.943798	0.945840	0.943825	0.944907	0.945515	0.946998	0.945988	0.946390	0.945698	0.947543	0.950133	0.947250	0.943352	0.944793	0.949721	0.949589	0.948723	0.948276	0.946009	0.944243	0.947101	0.946187	0.942539	0.946983	0.943285	0.946850	0.947292	0.947116	0.947533	0.943060	0.949971	0.942250	0.949181	0.940499	0.941337	0.950551	0.944281	0.944083	0.946720	0.950513	0.941355	0.945164	0.950493	0.945695	0.940425	0.946563	0.949265	0.951829	0.948103	0.948672	0.946270	0.002782
recall_macro	0.695111	0.701068	0.703006	0.695716	0.704516	0.705316	0.700362	0.701363	0.701365	0.703501	0.697566	0.698307	0.708657	0.692343	0.694093	0.699205	0.699720	0.706052	0.707375	0.697301	0.706335	0.695976	0.698624	0.690033	0.701780	0.703099	0.693446	0.695846	0.707727	0.707186	0.693066	0.694738	0.696310	0.706901	0.703962	0.694274	0.709846	0.705482	0.700592	0.693539	0.708226	0.705312	0.692925	0.701261	0.711831	0.693843	0.697302	0.687402	0.696568	0.694068	0.699989	0.005707
precision1	0.728442	0.736138	0.736330	0.727845	0.735643	0.740794	0.733848	0.740105	0.732306	0.740203	0.749010	0.739194	0.736626	0.724694	0.741952	0.744923	0.742253	0.746884	0.739500	0.725434	0.741889	0.732064	0.720532	0.726172	0.731594	0.743468	0.728550	0.734252	0.745247	0.735832	0.737998	0.714699	0.738322	0.720055	0.720595	0.747236	0.737061	0.738348	0.735694	0.742494	0.726734	0.737435	0.740665	0.733685	0.723654	0.727227	0.742673	0.745587	0.740922	0.743842	0.735533	0.007993
precision0	0.834670	0.840087	0.837935	0.838028	0.843455	0.843848	0.841208	0.838797	0.842733	0.843478	0.836581	0.837939	0.842882	0.836226	0.836860	0.840059	0.840558	0.843132	0.844864	0.840049	0.844390	0.838080	0.841403	0.837276	0.838806	0.839295	0.840073	0.838405	0.844456	0.841287	0.839090	0.840498	0.840619	0.846681	0.844779	0.835190	0.845655	0.839737	0.841721	0.837700	0.845275	0.842368	0.838271	0.841679	0.849331	0.839851	0.838844	0.831715	0.836673	0.833059	0.840312	0.003491
precision_macro	0.781556	0.788112	0.787132	0.782937	0.789549	0.792321	0.787528	0.789451	0.787520	0.791841	0.792795	0.788566	0.789754	0.780460	0.789406	0.792491	0.791406	0.795008	0.792182	0.782741	0.793140	0.785072	0.780968	0.781724	0.785200	0.791381	0.784311	0.786328	0.794852	0.788559	0.788544	0.777598	0.789470	0.783368	0.782687	0.791213	0.791358	0.789042	0.788707	0.790097	0.786004	0.789901	0.789468	0.787682	0.786493	0.783539	0.790758	0.788651	0.788798	0.788451	0.787922	0.003880
f1score1	0.553584	0.563380	0.567906	0.553489	0.568703	0.570324	0.561520	0.564569	0.562812	0.566982	0.558303	0.558942	0.576799	0.547470	0.551196	0.560149	0.560862	0.572268	0.573782	0.555720	0.572112	0.554119	0.557558	0.542577	0.565053	0.567852	0.548338	0.553823	0.574885	0.574590	0.548283	0.550176	0.554090	0.571169	0.566417	0.552275	0.578003	0.572041	0.561852	0.549840	0.574572	0.570702	0.548381	0.563064	0.579500	0.549145	0.556797	0.539748	0.556067	0.552506	0.561086	0.009959
f1score0	0.885886	0.889832	0.887733	0.888264	0.891574	0.892452	0.890526	0.889351	0.891251	0.892487	0.889749	0.889248	0.890291	0.887201	0.889725	0.891472	0.891371	0.892618	0.892580	0.889104	0.892801	0.888858	0.889104	0.888757	0.887983	0.889834	0.890466	0.889451	0.893030	0.889271	0.891095	0.888470	0.891607	0.891128	0.890448	0.889144	0.892251	0.888858	0.891138	0.890548	0.890731	0.890810	0.890862	0.890660	0.892560	0.890020	0.890645	0.887728	0.888909	0.887115	0.890140	0.001638
f1score_macro	0.719735	0.726606	0.727819	0.720877	0.730139	0.731388	0.726023	0.726960	0.727032	0.729735	0.724026	0.724095	0.733545	0.717335	0.720461	0.725811	0.726117	0.732443	0.733181	0.722412	0.732457	0.721489	0.723331	0.715667	0.726518	0.728843	0.719402	0.721637	0.733958	0.731930	0.719689	0.719323	0.722848	0.731148	0.728433	0.720710	0.735127	0.730450	0.726495	0.720194	0.732652	0.730756	0.719621	0.726862	0.736030	0.719582	0.723721	0.713738	0.722488	0.719811	0.725613	0.005465
roc_auc	0.695111	0.701068	0.703006	0.695716	0.704516	0.705316	0.700362	0.701363	0.701365	0.703501	0.697566	0.698307	0.708657	0.692343	0.694093	0.699205	0.699720	0.706052	0.707375	0.697301	0.706335	0.695976	0.698624	0.690033	0.701780	0.703099	0.693446	0.695846	0.707727	0.707186	0.693066	0.694738	0.696310	0.706901	0.703962	0.694274	0.709846	0.705482	0.700592	0.693539	0.708226	0.705312	0.692925	0.701261	0.711831	0.693843	0.697302	0.687402	0.696568	0.694068	0.699989	0.005707
mcc	0.468763	0.481374	0.482865	0.470638	0.486693	0.489972	0.480040	0.482845	0.481233	0.487401	0.481026	0.478434	0.491769	0.464520	0.474012	0.482766	0.482491	0.493101	0.492306	0.472378	0.491874	0.472725	0.472470	0.462760	0.479782	0.486536	0.469037	0.473609	0.494969	0.489021	0.472051	0.465011	0.476764	0.484269	0.480239	0.475710	0.494531	0.487413	0.481300	0.473899	0.488072	0.487936	0.472634	0.481245	0.492699	0.468880	0.479029	0.465161	0.476523	0.473198	0.479879	0.008591
spd	0.112470	0.102563	0.123344	0.100811	0.116512	0.116743	0.105672	0.103673	0.109087	0.116024	0.107372	0.109924	0.120984	0.102264	0.099852	0.099102	0.105569	0.106591	0.119227	0.107575	0.120150	0.112948	0.106392	0.096673	0.115074	0.113364	0.097536	0.096794	0.110168	0.125135	0.098017	0.108205	0.099248	0.121923	0.113994	0.103685	0.114293	0.112150	0.101861	0.106479	0.121281	0.112542	0.097484	0.112571	0.124139	0.100210	0.103845	0.095179	0.102769	0.100476	0.108599	0.008240

aod	0.052464	0.074536	0.046739	0.078798	0.062317	0.046508	0.079405	0.065820	0.066458	0.059795	0.063780	0.070265	0.043590	0.079370	0.072973	0.071631	0.067359	0.062054	0.065180	0.063655	0.025311	0.064444	0.072046	0.078304	0.062368	0.064337	0.076910	0.088074	0.073148	0.051561	0.088061	0.073561	0.087795	0.049806	0.056022	0.069584	0.030809	0.076990	0.071408	0.057850	0.052720	0.068437	0.078977	0.057288	0.048707	0.077893	0.068652	0.082766	0.081713	0.053184	0.065628	0.013672
eod	0.051671	0.101922	0.037066	0.108038	0.069231	0.042767	0.107188	0.083621	0.081569	0.066775	0.077454	0.089178	0.037580	0.105247	0.096611	0.098648	0.084589	0.077323	0.076219	0.074759	0.003280	0.072059	0.094408	0.106621	0.071332	0.079934	0.104913	0.131277	0.096573	0.046630	0.130412	0.089034	0.132664	0.044556	0.058421	0.090258	0.016493	0.100744	0.093674	0.063914	0.055204	0.087567	0.111921	0.064950	0.041723	0.107187	0.090161	0.117010	0.112930	0.062292	0.080912	0.028365
erd	0.148961	0.149627	0.149454	0.153201	0.150407	0.143428	0.153705	0.146077	0.148903	0.150943	0.152311	0.155615	0.142301	0.156560	0.152156	0.147567	0.149426	0.143167	0.152751	0.148487	0.132773	0.155386	0.151300	0.153495	0.151582	0.152669	0.150932	0.156303	0.150084	0.150175	0.159944	0.154086	0.158033	0.145014	0.143382	0.154812	0.128552	0.154344	0.146837	0.149636	0.146578	0.151078	0.154227	0.148154	0.142278	0.153589	0.151245	0.160230	0.157698	0.143032	0.150050	0.005940
