accuracy	0.835336	0.835925	0.838063	0.836220	0.838800	0.841011	0.839021	0.841969	0.838579	0.839316	0.837326	0.838505	0.838358	0.839611	0.838358	0.840864	0.845286	0.840643	0.841159	0.841822	0.840127	0.835336	0.833862	0.837105	0.842707	0.844476	0.838947	0.840790	0.842633	0.837989	0.843886	0.837400	0.839611	0.838210	0.838947	0.839316	0.840127	0.839463	0.840422	0.840716	0.840127	0.835999	0.837842	0.839242	0.841380	0.839537	0.841601	0.839169	0.842191	0.841969	0.839546	0.002348
recall1	0.598540	0.617778	0.604712	0.603981	0.620215	0.618677	0.622348	0.623346	0.603966	0.610811	0.605588	0.613227	0.613710	0.618284	0.612663	0.614443	0.631720	0.611492	0.627580	0.618122	0.618263	0.603269	0.606479	0.608722	0.618001	0.625477	0.604299	0.621573	0.630260	0.620023	0.611832	0.603739	0.607843	0.615686	0.620108	0.605891	0.604769	0.633499	0.618035	0.603531	0.620638	0.605099	0.608539	0.616373	0.626095	0.604469	0.609175	0.602946	0.609785	0.610594	0.613724	0.008499
recall0	0.915303	0.908163	0.917267	0.912852	0.910300	0.913651	0.909980	0.915109	0.914835	0.913647	0.914822	0.913458	0.913454	0.912728	0.912771	0.915133	0.915256	0.916046	0.910994	0.914996	0.912584	0.911880	0.907945	0.911248	0.918176	0.917913	0.914458	0.912839	0.912294	0.911339	0.918861	0.912984	0.914553	0.910164	0.909907	0.917224	0.917450	0.909073	0.912992	0.918240	0.912179	0.912399	0.912313	0.912231	0.910881	0.915456	0.918022	0.918010	0.919697	0.920442	0.913890	0.002992
recall_macro	0.756921	0.762971	0.760990	0.758416	0.765258	0.766164	0.766164	0.769228	0.759401	0.762229	0.760205	0.763342	0.763582	0.765506	0.762717	0.764788	0.773488	0.763769	0.769287	0.766559	0.765424	0.757574	0.757212	0.759985	0.768089	0.771695	0.759379	0.767206	0.771277	0.765681	0.765347	0.758362	0.761198	0.762925	0.765008	0.761557	0.761110	0.771286	0.765514	0.760885	0.766409	0.758749	0.760426	0.764302	0.768488	0.759962	0.763598	0.760478	0.764741	0.765518	0.763807	0.003965
precision1	0.704710	0.690169	0.712719	0.695756	0.693414	0.700678	0.693640	0.710694	0.697432	0.697053	0.703932	0.702164	0.703304	0.700639	0.698407	0.703691	0.709493	0.705599	0.697473	0.704019	0.697871	0.693069	0.682186	0.690078	0.717251	0.718718	0.694502	0.700941	0.702128	0.701789	0.708989	0.691776	0.696991	0.689061	0.690580	0.709555	0.706476	0.701908	0.698612	0.706975	0.698791	0.695637	0.692676	0.696959	0.694007	0.697804	0.709577	0.710517	0.716909	0.722452	0.701195	0.008316
precision0	0.870989	0.877679	0.872394	0.874777	0.879917	0.880004	0.880348	0.878968	0.876650	0.878298	0.873990	0.876520	0.876144	0.878611	0.877261	0.878583	0.883525	0.877534	0.882091	0.879880	0.879808	0.874506	0.876261	0.877657	0.877399	0.879645	0.877771	0.880087	0.882659	0.876955	0.879903	0.876886	0.878232	0.879868	0.880763	0.874578	0.876017	0.880084	0.879876	0.876330	0.879875	0.874730	0.877689	0.878948	0.882987	0.877547	0.877211	0.873854	0.876042	0.874519	0.877857	0.002628
precision_macro	0.787849	0.783924	0.792556	0.785267	0.786665	0.790341	0.786994	0.794831	0.787041	0.787676	0.788961	0.789342	0.789724	0.789625	0.787834	0.791137	0.796509	0.791567	0.789782	0.791949	0.788839	0.783788	0.779224	0.783867	0.797325	0.799182	0.786136	0.790514	0.792394	0.789372	0.794446	0.784331	0.787611	0.784465	0.785672	0.792067	0.791247	0.790996	0.789244	0.791653	0.789333	0.785183	0.785183	0.787954	0.788497	0.787676	0.793394	0.792185	0.796475	0.798486	0.789526	0.004080
f1score1	0.647300	0.651970	0.654288	0.646628	0.654775	0.657129	0.656063	0.664160	0.647343	0.651088	0.651067	0.654689	0.655460	0.656891	0.652732	0.656046	0.668352	0.655183	0.660683	0.658280	0.655660	0.645059	0.642109	0.646852	0.663937	0.668864	0.646268	0.658876	0.664255	0.658377	0.656837	0.644767	0.649372	0.650311	0.653450	0.653638	0.651678	0.665951	0.655858	0.651170	0.657400	0.647217	0.647887	0.654194	0.658304	0.647792	0.655554	0.652326	0.659022	0.661830	0.654499	0.006152
f1score0	0.892596	0.892661	0.894268	0.893409	0.894851	0.896512	0.894919	0.896675	0.895335	0.895624	0.893940	0.894608	0.894410	0.895344	0.894664	0.896486	0.899111	0.896377	0.896309	0.897094	0.895896	0.892802	0.891822	0.894137	0.897325	0.898372	0.895739	0.896164	0.897232	0.893816	0.898960	0.894571	0.896024	0.894760	0.895098	0.895393	0.896255	0.894344	0.896128	0.896795	0.895736	0.893168	0.894666	0.895280	0.896717	0.896101	0.897152	0.895388	0.897339	0.896893	0.895505	0.001571
f1score_macro	0.769948	0.772315	0.774278	0.770019	0.774813	0.776821	0.775491	0.780418	0.771339	0.773356	0.772504	0.774648	0.774935	0.776117	0.773698	0.776266	0.783731	0.775780	0.778496	0.777687	0.775778	0.768931	0.766965	0.770494	0.780631	0.783618	0.771004	0.777520	0.780744	0.776097	0.777899	0.769669	0.772698	0.772535	0.774274	0.774516	0.773967	0.780147	0.775993	0.773983	0.776568	0.770192	0.771277	0.774737	0.777511	0.771946	0.776353	0.773857	0.778180	0.779361	0.775002	0.003647
roc_auc	0.756921	0.762971	0.760990	0.758416	0.765258	0.766164	0.766164	0.769228	0.759401	0.762229	0.760205	0.763342	0.763582	0.765506	0.762717	0.764788	0.773488	0.763769	0.769287	0.766559	0.765424	0.757574	0.757212	0.759985	0.768089	0.771695	0.759379	0.767206	0.771277	0.765681	0.765347	0.758362	0.761198	0.762925	0.765008	0.761557	0.761110	0.771286	0.765514	0.760885	0.766409	0.758749	0.760426	0.764302	0.768488	0.759962	0.763598	0.760478	0.764741	0.765518	0.763807	0.003965
mcc	0.543892	0.546493	0.552645	0.543020	0.551508	0.555980	0.552766	0.563477	0.545742	0.549315	0.548413	0.552072	0.552688	0.554607	0.549978	0.555300	0.569533	0.554639	0.558693	0.557931	0.553768	0.540727	0.535984	0.543328	0.564657	0.570215	0.544859	0.557233	0.563275	0.554547	0.559036	0.542071	0.548173	0.546966	0.550292	0.552783	0.551533	0.561936	0.554249	0.551681	0.555269	0.543290	0.545047	0.551749	0.556626	0.546936	0.556195	0.551753	0.560319	0.563039	0.552725	0.007249
spd	0.182896	0.182001	0.193292	0.178154	0.193671	0.197049	0.189013	0.181133	0.176402	0.194773	0.183685	0.188251	0.185050	0.186434	0.184984	0.181320	0.188010	0.173877	0.193233	0.191253	0.182267	0.192271	0.189415	0.183779	0.175056	0.192079	0.178563	0.185506	0.196272	0.196238	0.174696	0.186662	0.184231	0.193750	0.186316	0.179777	0.179587	0.191145	0.183809	0.181462	0.189021	0.195321	0.178823	0.189047	0.194544	0.177464	0.180016	0.175502	0.181284	0.175788	0.185483	0.006582

aod	0.083775	0.065978	0.093099	0.061539	0.082515	0.102798	0.081570	0.077038	0.056665	0.096279	0.071264	0.080156	0.071310	0.074319	0.088697	0.067130	0.067182	0.062970	0.076957	0.092061	0.077394	0.093220	0.071597	0.073055	0.054167	0.083419	0.071509	0.077532	0.093418	0.080766	0.048012	0.086258	0.047244	0.090708	0.091899	0.067445	0.080767	0.075752	0.083149	0.082158	0.066334	0.091842	0.060603	0.083076	0.086174	0.066954	0.073820	0.052603	0.067868	0.070524	0.076051	0.012722
eod	0.081793	0.042949	0.096279	0.033764	0.068086	0.113692	0.071950	0.071827	0.025779	0.100646	0.052597	0.073192	0.058598	0.055369	0.089486	0.045371	0.040258	0.045914	0.063465	0.091047	0.071569	0.090979	0.044269	0.049772	0.032423	0.084688	0.053402	0.071684	0.095650	0.066938	0.017244	0.077293	0.002529	0.088416	0.097307	0.050435	0.076980	0.062477	0.077614	0.077517	0.045996	0.089845	0.032722	0.078370	0.078221	0.049361	0.066595	0.017413	0.051428	0.061169	0.063647	0.023896
erd	0.119703	0.122942	0.122817	0.127693	0.126875	0.117311	0.120615	0.111517	0.128451	0.122027	0.126021	0.121550	0.121638	0.124295	0.115214	0.123782	0.125188	0.117228	0.123478	0.119246	0.115319	0.124928	0.134232	0.127919	0.117833	0.115927	0.123580	0.116176	0.117252	0.127572	0.124302	0.124835	0.138601	0.122674	0.112548	0.122816	0.116860	0.119132	0.116140	0.118945	0.125820	0.127051	0.127070	0.120136	0.122803	0.122605	0.117654	0.129944	0.122424	0.114304	0.122100	0.005297
