accuracy	0.773333	0.780000	0.743333	0.740000	0.730000	0.770000	0.726667	0.793333	0.766667	0.766667	0.760000	0.753333	0.736667	0.740000	0.736667	0.760000	0.763333	0.736667	0.760000	0.780000	0.720000	0.776667	0.780000	0.766667	0.700000	0.746667	0.770000	0.750000	0.766667	0.783333	0.730000	0.756667	0.776667	0.786667	0.740000	0.790000	0.776667	0.743333	0.733333	0.750000	0.760000	0.770000	0.750000	0.750000	0.763333	0.783333	0.756667	0.760000	0.753333	0.753333	0.757200	0.019532
recall1	0.892523	0.939252	0.930348	0.883721	0.916256	0.917431	0.939086	0.921659	0.923810	0.922018	0.945813	0.935644	0.920792	0.882353	0.916667	0.932692	0.927885	0.908654	0.926471	0.916279	0.916667	0.924883	0.922374	0.946602	0.903846	0.924883	0.882353	0.913876	0.959184	0.940594	0.915842	0.936585	0.935185	0.936585	0.901961	0.940092	0.943662	0.898148	0.964286	0.927536	0.899083	0.910798	0.923445	0.933333	0.934272	0.946602	0.901869	0.921182	0.878505	0.903382	0.921739	0.019252
recall0	0.476744	0.383721	0.363636	0.376471	0.340206	0.378049	0.320388	0.457831	0.400000	0.353659	0.371134	0.377551	0.357143	0.341772	0.354167	0.369565	0.391304	0.347826	0.406250	0.435294	0.370370	0.413793	0.395062	0.372340	0.239130	0.310345	0.455696	0.373626	0.403846	0.459184	0.346939	0.368421	0.369048	0.463158	0.395833	0.397590	0.367816	0.345238	0.298077	0.354839	0.390244	0.425287	0.351648	0.322222	0.344828	0.425532	0.395349	0.422680	0.441860	0.419355	0.380841	0.045399
recall_macro	0.684634	0.661487	0.646992	0.630096	0.628231	0.647740	0.629737	0.689745	0.661905	0.637838	0.658473	0.656597	0.638967	0.612063	0.635417	0.651129	0.659594	0.628240	0.666360	0.675787	0.643519	0.669338	0.658718	0.659471	0.571488	0.617614	0.669025	0.643751	0.681515	0.699889	0.631390	0.652503	0.652116	0.699872	0.648897	0.668841	0.655739	0.621693	0.631181	0.641187	0.644663	0.668043	0.637547	0.627778	0.639550	0.686067	0.648609	0.671931	0.660183	0.661368	0.651290	0.023270
precision1	0.809322	0.791339	0.748000	0.781893	0.744000	0.796813	0.725490	0.816327	0.782258	0.791339	0.758893	0.756000	0.746988	0.789474	0.751004	0.769841	0.775100	0.759036	0.768293	0.804082	0.721311	0.794355	0.804781	0.767717	0.728682	0.766537	0.819328	0.770161	0.752000	0.781893	0.742972	0.761905	0.792157	0.790123	0.760331	0.803150	0.785156	0.779116	0.721374	0.761905	0.796748	0.795082	0.765873	0.762646	0.777344	0.783133	0.787755	0.769547	0.796610	0.775934	0.773622	0.023716
precision0	0.640625	0.717391	0.720000	0.561404	0.660000	0.632653	0.733333	0.690909	0.692308	0.630435	0.765957	0.740000	0.686275	0.509434	0.666667	0.708333	0.705882	0.627451	0.722222	0.672727	0.714286	0.692308	0.653061	0.760870	0.523810	0.627907	0.580645	0.653846	0.840000	0.789474	0.666667	0.729167	0.688889	0.771930	0.655172	0.717391	0.727273	0.568627	0.815789	0.687500	0.592593	0.660714	0.666667	0.674419	0.681818	0.784314	0.618182	0.719298	0.593750	0.661017	0.680028	0.068641
precision_macro	0.724974	0.754365	0.734000	0.671648	0.702000	0.714733	0.729412	0.753618	0.737283	0.710887	0.762425	0.748000	0.716631	0.649454	0.708835	0.739087	0.740491	0.693244	0.745257	0.738404	0.717799	0.743331	0.728921	0.764293	0.626246	0.697222	0.699986	0.712004	0.796000	0.785683	0.704819	0.745536	0.740523	0.781027	0.707751	0.760270	0.756214	0.673872	0.768582	0.724702	0.694670	0.727898	0.716270	0.718532	0.729581	0.783723	0.702968	0.744423	0.695180	0.718475	0.726825	0.033163
f1score1	0.848889	0.858974	0.829268	0.829694	0.821192	0.852878	0.818584	0.865801	0.847162	0.851695	0.842105	0.836283	0.824834	0.833333	0.825607	0.843478	0.844639	0.827133	0.840000	0.856522	0.807339	0.854664	0.859574	0.847826	0.806867	0.838298	0.849673	0.835886	0.843049	0.853933	0.820399	0.840263	0.857749	0.857143	0.825112	0.866242	0.857143	0.834409	0.825328	0.836601	0.844828	0.849015	0.837310	0.839400	0.848614	0.857143	0.840959	0.838565	0.835556	0.834821	0.840836	0.013824
f1score0	0.546667	0.500000	0.483221	0.450704	0.448980	0.473282	0.445946	0.550725	0.507042	0.453125	0.500000	0.500000	0.469799	0.409091	0.462585	0.485714	0.503497	0.447552	0.520000	0.528571	0.487805	0.517986	0.492308	0.500000	0.328358	0.415385	0.510638	0.475524	0.545455	0.580645	0.456376	0.489510	0.480620	0.578947	0.493506	0.511628	0.488550	0.429630	0.436620	0.468085	0.470588	0.517483	0.460432	0.436090	0.458015	0.551724	0.482270	0.532468	0.506667	0.513158	0.486059	0.044539
f1score_macro	0.697778	0.679487	0.656245	0.640199	0.635086	0.663080	0.632265	0.708263	0.677102	0.652410	0.671053	0.668142	0.647316	0.621212	0.644096	0.664596	0.674068	0.637343	0.680000	0.692547	0.647572	0.686325	0.675941	0.673913	0.567613	0.626841	0.680156	0.655705	0.694252	0.717289	0.638387	0.664887	0.669185	0.718045	0.659309	0.688935	0.672846	0.632019	0.630974	0.652343	0.657708	0.683249	0.648871	0.637745	0.653315	0.704433	0.661614	0.685516	0.671111	0.673990	0.663448	0.027053
roc_auc	0.684634	0.661487	0.646992	0.630096	0.628231	0.647740	0.629737	0.689745	0.661905	0.637838	0.658473	0.656597	0.638967	0.612063	0.635417	0.651129	0.659594	0.628240	0.666360	0.675787	0.643519	0.669338	0.658718	0.659471	0.571488	0.617614	0.669025	0.643751	0.681515	0.699889	0.631390	0.652503	0.652116	0.699872	0.648897	0.668841	0.655739	0.621693	0.631181	0.641187	0.644663	0.668043	0.637547	0.627778	0.639550	0.686067	0.648609	0.671931	0.660183	0.661368	0.651290	0.023270
mcc	0.407616	0.405347	0.370924	0.298869	0.321886	0.356228	0.345041	0.438738	0.392006	0.340989	0.407860	0.394138	0.347014	0.258829	0.336332	0.380173	0.391822	0.314843	0.403986	0.409430	0.353599	0.405981	0.381229	0.410595	0.190001	0.304605	0.367710	0.349146	0.463588	0.477933	0.328093	0.387014	0.382557	0.474001	0.351759	0.419258	0.399513	0.290923	0.375409	0.356231	0.335629	0.391390	0.344948	0.334207	0.357983	0.459528	0.347350	0.409995	0.353635	0.375526	0.370028	0.052416
spd	0.135312	0.178904	0.079892	0.117681	0.058303	0.174628	0.084000	0.054563	0.188127	0.130522	0.119852	0.105932	0.136429	0.090164	0.143300	0.042109	0.138304	0.120037	0.081005	0.194283	0.172171	0.198133	0.169756	0.005631	0.027807	0.096206	0.154396	0.091090	0.093504	0.188896	0.125915	0.004939	0.079040	0.090318	0.157123	0.107294	0.004822	0.115010	0.112059	0.072000	0.091280	0.208693	0.042288	0.100171	0.035363	0.288282	0.146760	0.054167	0.101174	0.150714	0.113167	0.057679

aod	0.048706	0.134303	0.056668	0.081861	0.098995	0.131781	0.033939	0.099629	0.185694	0.109522	0.073268	0.081480	0.086002	0.058634	0.162717	0.049837	0.066079	0.165523	0.016322	0.124569	0.122652	0.242192	0.148440	0.057126	0.051905	0.066176	0.109118	0.033979	0.054181	0.147913	0.121856	0.010605	0.158427	0.066246	0.201552	0.068727	0.051819	0.044386	0.085362	0.025150	0.090919	0.169742	0.018545	0.068227	0.108477	0.320598	0.088301	0.005927	0.077361	0.099019	0.095609	0.060647
eod	0.062930	0.107316	0.005109	0.153356	0.091523	0.063857	0.017403	0.047083	0.147785	0.012148	0.053757	0.079125	0.091544	0.063902	0.045189	0.034786	0.027247	0.003719	0.031034	0.131579	0.118519	0.126263	0.088547	0.024885	0.038543	0.106557	0.125068	0.009004	0.077381	0.125969	0.018605	0.014983	0.045599	0.077308	0.056437	0.052002	0.036541	0.088146	0.036546	0.001852	0.041212	0.090164	0.031976	0.028762	0.061781	0.165521	0.063421	0.011312	0.128013	0.151943	0.066265	0.044871
erd	0.118714	0.096600	0.023631	0.141393	0.216682	0.070720	0.128000	0.200397	0.051504	0.031348	0.084601	0.063824	0.122162	0.097482	0.039392	0.024649	0.107407	0.085918	0.115226	0.125300	0.102412	0.012530	0.057998	0.123457	0.226848	0.187895	0.104873	0.097743	0.086999	0.063586	0.018190	0.023801	0.076991	0.148148	0.067912	0.075748	0.078963	0.202946	0.051948	0.084000	0.017811	0.041479	0.071157	0.074808	0.222825	0.029240	0.099439	0.075000	0.128275	0.135819	0.094676	0.055089
