accuracy	0.532145	0.540789	0.555916	0.545651	0.548892	0.546731	0.549433	0.575905	0.545111	0.554835	0.562399	0.556456	0.555916	0.564560	0.557536	0.542410	0.554835	0.554295	0.542950	0.544571	0.578606	0.562939	0.560238	0.563479	0.560238	0.557536	0.552674	0.559157	0.558617	0.562939	0.564560	0.551053	0.562399	0.545651	0.550513	0.550513	0.557536	0.564019	0.533766	0.572123	0.552134	0.569962	0.559157	0.549433	0.547812	0.558617	0.564019	0.546191	0.552674	0.554835	0.555095	0.009524
recall1	0.962322	0.975485	0.974510	0.976024	0.973948	0.978916	0.978088	0.979087	0.978088	0.962635	0.987217	0.983101	0.978389	0.975657	0.977429	0.974950	0.982000	0.970414	0.986775	0.981873	0.987548	0.980450	0.977626	0.975705	0.973786	0.988131	0.971344	0.983085	0.988201	0.977429	0.974535	0.981964	0.986234	0.984848	0.977318	0.975149	0.974560	0.975915	0.977528	0.985577	0.992958	0.982524	0.983202	0.976931	0.987792	0.987078	0.983447	0.976791	0.984000	0.981281	0.979397	0.006112
recall0	0.046030	0.052752	0.042118	0.038824	0.051583	0.043275	0.041322	0.045056	0.031877	0.057554	0.044365	0.048521	0.039616	0.052184	0.043269	0.036342	0.052879	0.050179	0.040323	0.038462	0.049566	0.047101	0.038882	0.047445	0.041413	0.039286	0.047676	0.055556	0.034772	0.055288	0.060241	0.046893	0.045564	0.040650	0.033453	0.044970	0.043426	0.038130	0.035550	0.041924	0.040840	0.052375	0.047676	0.050351	0.049539	0.048521	0.041262	0.050000	0.045828	0.037081	0.044956	0.006395
recall_macro	0.504176	0.514119	0.508314	0.507424	0.512765	0.511095	0.509705	0.512072	0.504982	0.510095	0.515791	0.515811	0.509002	0.513921	0.510349	0.505646	0.517439	0.510297	0.513549	0.510167	0.518557	0.513776	0.508254	0.511575	0.507600	0.513708	0.509510	0.519320	0.511486	0.516359	0.517388	0.514429	0.515899	0.512749	0.505385	0.510060	0.508993	0.507023	0.506539	0.513750	0.516899	0.517450	0.515439	0.513641	0.518666	0.517799	0.512355	0.513396	0.514914	0.509181	0.512176	0.003931
precision1	0.532694	0.536216	0.555307	0.544593	0.545761	0.543781	0.547380	0.574456	0.544950	0.554674	0.557468	0.551590	0.554566	0.561974	0.555804	0.542061	0.549217	0.553120	0.537992	0.541667	0.573415	0.559710	0.559577	0.561835	0.560335	0.553156	0.551627	0.552882	0.555249	0.558923	0.560563	0.546570	0.557532	0.541366	0.550556	0.548658	0.556736	0.564345	0.532258	0.568812	0.545605	0.565363	0.554627	0.545658	0.540646	0.552588	0.561111	0.542297	0.547884	0.553026	0.552164	0.009420
precision0	0.519481	0.657143	0.573770	0.578947	0.628571	0.637931	0.614035	0.620690	0.551020	0.558140	0.740000	0.706897	0.600000	0.632353	0.610169	0.553571	0.714286	0.583333	0.729167	0.647059	0.754717	0.661017	0.581818	0.609375	0.557377	0.733333	0.579710	0.734375	0.707317	0.666667	0.657895	0.689655	0.730769	0.700000	0.549020	0.603175	0.580645	0.553571	0.584906	0.693878	0.833333	0.704918	0.701754	0.651515	0.781818	0.759259	0.666667	0.651515	0.709091	0.620000	0.649313	0.071267
precision_macro	0.526087	0.596679	0.564539	0.561770	0.587166	0.590856	0.580708	0.597573	0.547985	0.556407	0.648734	0.629243	0.577283	0.597164	0.582987	0.547816	0.631751	0.568227	0.633579	0.594363	0.664066	0.610363	0.570698	0.585605	0.558856	0.643245	0.565669	0.643628	0.631283	0.612795	0.609229	0.618113	0.644151	0.620683	0.549788	0.575916	0.568690	0.558958	0.558582	0.631345	0.689469	0.635141	0.628190	0.598587	0.661232	0.655923	0.613889	0.596906	0.628488	0.586513	0.600738	0.036269
f1score1	0.685776	0.692029	0.707473	0.699106	0.699532	0.699175	0.701930	0.724077	0.699929	0.703810	0.712562	0.706681	0.707889	0.713167	0.708645	0.696742	0.704448	0.704619	0.696339	0.698174	0.725545	0.712611	0.711756	0.713068	0.711348	0.709265	0.703651	0.707736	0.711001	0.711175	0.711731	0.702257	0.712358	0.698674	0.704335	0.702219	0.708645	0.715143	0.689233	0.721323	0.704245	0.717730	0.709195	0.700216	0.698813	0.708527	0.714538	0.697406	0.703863	0.707386	0.706142	0.008056
f1score0	0.084567	0.097665	0.078475	0.072767	0.095341	0.081051	0.077434	0.084014	0.060268	0.104348	0.083710	0.090808	0.074324	0.096413	0.080808	0.068207	0.098468	0.092409	0.076419	0.072607	0.093023	0.087937	0.072893	0.088036	0.077098	0.074576	0.088106	0.103297	0.066286	0.102109	0.110375	0.087816	0.085779	0.076839	0.063063	0.083700	0.080808	0.071346	0.067027	0.079070	0.077864	0.097506	0.089286	0.093478	0.093174	0.091212	0.077714	0.092873	0.086093	0.069977	0.083969	0.011319
f1score_macro	0.385172	0.394847	0.392974	0.385936	0.397437	0.390113	0.389682	0.404046	0.380098	0.404079	0.398136	0.398745	0.391107	0.404790	0.394726	0.382474	0.401458	0.398514	0.386379	0.385391	0.409284	0.400274	0.392325	0.400552	0.394223	0.391921	0.395878	0.405517	0.388643	0.406642	0.411053	0.395036	0.399068	0.387756	0.383699	0.392960	0.394726	0.393245	0.378130	0.400196	0.391055	0.407618	0.399240	0.396847	0.395993	0.399870	0.396126	0.395139	0.394978	0.388682	0.395056	0.007406
roc_auc	0.504176	0.514119	0.508314	0.507424	0.512765	0.511095	0.509705	0.512072	0.504982	0.510095	0.515791	0.515811	0.509002	0.513921	0.510349	0.505646	0.517439	0.510297	0.513549	0.510167	0.518557	0.513776	0.508254	0.511575	0.507600	0.513708	0.509510	0.519320	0.511486	0.516359	0.517388	0.514429	0.515899	0.512749	0.505385	0.510060	0.508993	0.507023	0.506539	0.513750	0.516899	0.517450	0.515439	0.513641	0.518666	0.517799	0.512355	0.513396	0.514914	0.509181	0.512176	0.003931
mcc	0.020875	0.073892	0.046328	0.042828	0.066714	0.063500	0.055974	0.068641	0.030925	0.047724	0.096926	0.090409	0.052753	0.073555	0.058612	0.032862	0.095868	0.053010	0.085085	0.061949	0.110356	0.077982	0.048314	0.062956	0.042298	0.088625	0.049980	0.105355	0.077665	0.085911	0.087161	0.082564	0.095746	0.078451	0.032748	0.055270	0.049708	0.040697	0.039145	0.084995	0.113169	0.097122	0.088974	0.073344	0.109718	0.105362	0.075021	0.072059	0.087551	0.056366	0.069861	0.023264
spd	0.216901	0.200000	0.166667	0.161473	0.202312	0.165714	0.157895	0.159780	0.138418	0.232432	0.144509	0.156757	0.158046	0.188889	0.154856	0.160458	0.185841	0.205128	0.136752	0.153153	0.155425	0.159459	0.156250	0.184438	0.170391	0.134328	0.188525	0.178771	0.128527	0.184492	0.218391	0.157609	0.146479	0.140056	0.142061	0.183140	0.174648	0.170213	0.147632	0.132075	0.137255	0.167582	0.161932	0.180822	0.164671	0.158824	0.138965	0.182320	0.146667	0.139276	0.165544	0.023723

aod	0.239516	0.246639	0.192189	0.190894	0.247581	0.196662	0.190461	0.193184	0.164254	0.268345	0.182928	0.198694	0.187657	0.225191	0.184278	0.179804	0.219618	0.243590	0.170785	0.178816	0.188963	0.197908	0.187654	0.225985	0.196548	0.170751	0.213481	0.223146	0.160526	0.224054	0.263880	0.192696	0.174389	0.178571	0.162550	0.219803	0.195440	0.205795	0.162688	0.153176	0.166922	0.209657	0.186411	0.207373	0.201959	0.196621	0.165788	0.225404	0.166999	0.155931	0.197643	0.027905
eod	0.161572	0.103448	0.108787	0.102128	0.112554	0.092511	0.091667	0.091286	0.091667	0.155738	0.057522	0.069388	0.095652	0.106383	0.091633	0.111607	0.084906	0.128205	0.057018	0.084906	0.060465	0.081301	0.097046	0.106838	0.114407	0.054545	0.123932	0.073276	0.057416	0.094262	0.114537	0.075314	0.063063	0.063025	0.097458	0.109170	0.116071	0.110619	0.099099	0.065217	0.037234	0.075314	0.078704	0.100877	0.057143	0.059908	0.072034	0.095436	0.070485	0.085586	0.090167	0.025147
erd	0.150179	0.228046	0.151670	0.179870	0.210019	0.181961	0.188079	0.157452	0.181736	0.164542	0.196962	0.213185	0.168244	0.171591	0.170464	0.143713	0.183851	0.180855	0.208917	0.167189	0.160671	0.191571	0.171179	0.186107	0.146956	0.197635	0.145493	0.214094	0.181049	0.189191	0.192988	0.197439	0.161541	0.219342	0.149861	0.187894	0.125732	0.171659	0.136081	0.123862	0.184200	0.193331	0.147957	0.161955	0.211999	0.198417	0.156354	0.217301	0.142954	0.120309	0.175673	0.026266
