accuracy	0.640194	0.654241	0.636413	0.640735	0.646137	0.629930	0.657482	0.651540	0.643436	0.643976	0.647758	0.645057	0.654241	0.661264	0.657482	0.631010	0.652080	0.656942	0.651540	0.650999	0.645597	0.659103	0.669908	0.649379	0.649919	0.659643	0.640735	0.653701	0.649919	0.640735	0.650999	0.648838	0.647218	0.645597	0.641815	0.640194	0.659643	0.640194	0.632091	0.643976	0.636413	0.629930	0.634252	0.645597	0.656402	0.647758	0.654241	0.659643	0.644516	0.646677	0.647542	0.008779
recall1	0.693483	0.720123	0.687255	0.709291	0.700401	0.665663	0.713147	0.690114	0.679283	0.659784	0.697148	0.697813	0.685658	0.708861	0.719333	0.686373	0.703000	0.701183	0.709054	0.710977	0.689655	0.697947	0.715953	0.681244	0.703883	0.704253	0.701581	0.694527	0.691249	0.686948	0.678746	0.716433	0.675516	0.712121	0.681460	0.709742	0.706458	0.683044	0.722165	0.683654	0.701207	0.686408	0.687747	0.687061	0.704985	0.712724	0.720545	0.705348	0.690000	0.700493	0.697421	0.014280
recall0	0.579977	0.580275	0.574007	0.560000	0.582649	0.588304	0.591499	0.600751	0.600945	0.624700	0.587530	0.582249	0.615846	0.601942	0.581731	0.566237	0.592244	0.603345	0.586406	0.581585	0.588600	0.611111	0.612394	0.609489	0.582217	0.605952	0.567342	0.605201	0.599520	0.584135	0.616867	0.569754	0.612710	0.569106	0.593787	0.557396	0.601930	0.585486	0.530963	0.593095	0.561260	0.559074	0.569726	0.597190	0.601382	0.570414	0.571602	0.606977	0.591069	0.581340	0.587786	0.018534
recall_macro	0.636730	0.650199	0.630631	0.634645	0.641525	0.626983	0.652323	0.645433	0.640114	0.642242	0.642339	0.640031	0.650752	0.655401	0.650532	0.626305	0.647622	0.652264	0.647730	0.646281	0.639127	0.654529	0.664173	0.645366	0.643050	0.655103	0.634462	0.649864	0.645385	0.635541	0.647807	0.643093	0.644113	0.640613	0.637623	0.633569	0.654194	0.634265	0.626564	0.638374	0.631234	0.622741	0.628736	0.642125	0.653184	0.641569	0.646074	0.656162	0.640535	0.640916	0.642604	0.008931
precision1	0.651052	0.658263	0.664455	0.654982	0.662559	0.653202	0.674200	0.694737	0.668627	0.681911	0.673314	0.665403	0.685658	0.689394	0.678076	0.649289	0.669524	0.681687	0.660038	0.662911	0.684411	0.689189	0.697630	0.685910	0.678839	0.682646	0.661696	0.676357	0.677917	0.669216	0.685460	0.660813	0.680198	0.655204	0.670223	0.656250	0.686312	0.677820	0.633513	0.682997	0.649581	0.661366	0.658467	0.665695	0.666987	0.663889	0.677036	0.674060	0.664740	0.670123	0.670477	0.013218
precision0	0.626087	0.648718	0.599246	0.620600	0.624372	0.601675	0.634981	0.595533	0.612515	0.600923	0.614035	0.618090	0.615846	0.623899	0.628571	0.606784	0.629213	0.625000	0.640252	0.634860	0.594493	0.620859	0.633166	0.604343	0.610473	0.629950	0.611825	0.625153	0.614251	0.603727	0.609524	0.631990	0.607610	0.632258	0.606098	0.617300	0.624531	0.591304	0.629932	0.593827	0.618252	0.586957	0.602015	0.620438	0.642857	0.625162	0.621372	0.641278	0.618696	0.615190	0.617721	0.014265
precision_macro	0.638569	0.653491	0.631851	0.637791	0.643466	0.627438	0.654590	0.645135	0.640571	0.641417	0.643675	0.641747	0.650752	0.656647	0.653324	0.628037	0.649369	0.653344	0.650145	0.648885	0.639452	0.655024	0.665398	0.645126	0.644656	0.656298	0.636761	0.650755	0.646084	0.636471	0.647492	0.646401	0.643904	0.643731	0.638160	0.636775	0.655421	0.634562	0.631722	0.638412	0.633916	0.624161	0.630241	0.643066	0.654922	0.644526	0.649204	0.657669	0.641718	0.642656	0.644099	0.008816
f1score1	0.671598	0.687805	0.675663	0.681055	0.680955	0.659373	0.693127	0.692418	0.673913	0.670665	0.685024	0.681223	0.685658	0.698992	0.698095	0.667316	0.685854	0.691298	0.683668	0.686103	0.687023	0.693541	0.706673	0.683569	0.691134	0.693281	0.681055	0.685322	0.684518	0.677966	0.682087	0.687500	0.677849	0.682478	0.675795	0.681948	0.696239	0.680422	0.674940	0.683325	0.674407	0.673654	0.672789	0.676209	0.685460	0.687440	0.698113	0.689349	0.677134	0.684971	0.683520	0.008838
f1score0	0.602151	0.612591	0.586355	0.588745	0.602790	0.594914	0.612469	0.598131	0.606675	0.612581	0.600490	0.599634	0.615846	0.612724	0.604245	0.585810	0.610169	0.613982	0.612147	0.607056	0.591532	0.615946	0.622607	0.606905	0.596010	0.617718	0.588745	0.615015	0.606796	0.593769	0.613174	0.599260	0.610149	0.599022	0.599879	0.585821	0.613022	0.588381	0.576229	0.593461	0.588379	0.572676	0.585426	0.608592	0.621429	0.596535	0.595449	0.623656	0.604567	0.597786	0.602149	0.011881
f1score_macro	0.636874	0.650198	0.631009	0.634900	0.641872	0.627144	0.652798	0.645274	0.640294	0.641623	0.642757	0.640429	0.650752	0.655858	0.651170	0.626563	0.648012	0.652640	0.647908	0.646579	0.639277	0.654743	0.664640	0.645237	0.643572	0.655500	0.634900	0.650168	0.645657	0.635868	0.647630	0.643380	0.643999	0.640750	0.637837	0.633885	0.654631	0.634401	0.625585	0.638393	0.631393	0.623165	0.629107	0.642401	0.653444	0.641987	0.646781	0.656503	0.640851	0.641379	0.642834	0.008997
roc_auc	0.636730	0.650199	0.630631	0.634645	0.641525	0.626983	0.652323	0.645433	0.640114	0.642242	0.642339	0.640031	0.650752	0.655401	0.650532	0.626305	0.647622	0.652264	0.647730	0.646281	0.639127	0.654529	0.664173	0.645366	0.643050	0.655103	0.634462	0.649864	0.645385	0.635541	0.647807	0.643093	0.644113	0.640613	0.637623	0.633569	0.654194	0.634265	0.626564	0.638374	0.631234	0.622741	0.628736	0.642125	0.653184	0.641569	0.646074	0.656162	0.640535	0.640916	0.642604	0.008931
mcc	0.275293	0.303672	0.262479	0.272418	0.284984	0.254421	0.306905	0.290568	0.280685	0.283657	0.286011	0.281772	0.301504	0.312045	0.303843	0.254335	0.296986	0.305606	0.297865	0.295155	0.278579	0.309553	0.329569	0.290493	0.287701	0.311399	0.271212	0.300617	0.291468	0.272011	0.295299	0.289476	0.288017	0.284328	0.275783	0.270325	0.309613	0.268827	0.258235	0.276787	0.265136	0.246898	0.258973	0.285190	0.308101	0.286079	0.295261	0.313828	0.282250	0.283567	0.286696	0.017708
spd	0.139928	0.155999	0.139805	0.170881	0.198658	0.167314	0.134084	0.160176	0.163278	0.177531	0.160379	0.176753	0.191984	0.131342	0.169912	0.164177	0.140837	0.203292	0.142734	0.144720	0.135081	0.138600	0.134675	0.158739	0.129305	0.182561	0.120279	0.165889	0.221347	0.217184	0.142273	0.098943	0.127696	0.167048	0.161773	0.169055	0.125104	0.133174	0.177049	0.144901	0.158789	0.159125	0.161843	0.153081	0.111045	0.174863	0.117503	0.147520	0.158962	0.121110	0.154966	0.025640

aod	0.121204	0.134456	0.114753	0.143397	0.178012	0.152881	0.103479	0.145957	0.143312	0.159607	0.139952	0.164091	0.175029	0.108197	0.146813	0.145820	0.104123	0.185755	0.125920	0.123901	0.111198	0.120151	0.102638	0.134706	0.107562	0.154765	0.095167	0.137892	0.197065	0.207427	0.126806	0.073378	0.097659	0.147420	0.134224	0.152786	0.096404	0.111446	0.173179	0.130121	0.146951	0.133753	0.146756	0.133079	0.080752	0.143864	0.104513	0.113387	0.141438	0.103843	0.133540	0.028407
eod	0.059968	0.077810	0.112016	0.125256	0.113725	0.109849	0.071468	0.070977	0.123351	0.109006	0.117645	0.120520	0.148356	0.062603	0.125487	0.087499	0.110488	0.160224	0.060224	0.070578	0.084819	0.090021	0.103773	0.130035	0.095419	0.139328	0.090173	0.122384	0.154963	0.140187	0.088345	0.043020	0.090515	0.086240	0.124890	0.091381	0.068396	0.084530	0.126667	0.097096	0.085137	0.110219	0.100535	0.083967	0.046423	0.128284	0.037072	0.101506	0.114030	0.055097	0.099030	0.028861
erd	0.033408	0.026434	0.028674	0.021880	0.022686	0.016793	0.000662	0.034931	0.006891	0.021866	0.008922	0.013713	0.004678	0.015432	0.014801	0.022314	0.037305	0.007734	0.039312	0.022826	0.006436	0.004620	0.029190	0.025457	0.016511	0.020255	0.023633	0.014574	0.002740	0.027429	0.014603	0.003407	0.016718	0.024212	0.022774	0.023141	0.000598	0.004399	0.027556	0.003587	0.032980	0.018977	0.014072	0.020730	0.010368	0.026488	0.038043	0.017038	0.000756	0.021290	0.018277	0.010496
