accuracy	0.730000	0.756667	0.726667	0.746667	0.713333	0.753333	0.743333	0.790000	0.750000	0.763333	0.773333	0.706667	0.730000	0.733333	0.723333	0.763333	0.763333	0.726667	0.770000	0.766667	0.710000	0.766667	0.776667	0.740000	0.716667	0.743333	0.750000	0.746667	0.763333	0.753333	0.710000	0.753333	0.773333	0.783333	0.743333	0.740000	0.753333	0.720000	0.753333	0.746667	0.746667	0.756667	0.790000	0.706667	0.770000	0.726667	0.740000	0.743333	0.766667	0.716667	0.746733	0.021649
recall1	0.817757	0.887850	0.865672	0.851163	0.842365	0.857798	0.913706	0.898618	0.866667	0.871560	0.916256	0.861386	0.891089	0.837104	0.843137	0.889423	0.899038	0.831731	0.872549	0.855814	0.848958	0.892019	0.858447	0.868932	0.846154	0.877934	0.837104	0.885167	0.918367	0.861386	0.826733	0.878049	0.888889	0.887805	0.833333	0.843318	0.877934	0.847222	0.903061	0.913043	0.844037	0.854460	0.904306	0.838095	0.892019	0.868932	0.859813	0.866995	0.887850	0.816425	0.867949	0.026357
recall0	0.511628	0.430233	0.444444	0.482353	0.443299	0.475610	0.417476	0.506024	0.477778	0.475610	0.474227	0.387755	0.397959	0.443038	0.468750	0.478261	0.456522	0.489130	0.552083	0.541176	0.462963	0.459770	0.555556	0.457447	0.423913	0.413793	0.506329	0.428571	0.471154	0.530612	0.469388	0.484211	0.476190	0.557895	0.552083	0.469880	0.448276	0.392857	0.471154	0.376344	0.487805	0.517241	0.527473	0.400000	0.471264	0.414894	0.441860	0.484536	0.465116	0.494624	0.469331	0.044511
recall_macro	0.664692	0.659042	0.655058	0.666758	0.642832	0.666704	0.665591	0.702321	0.672222	0.673585	0.695241	0.624571	0.644524	0.640071	0.655944	0.683842	0.677780	0.660431	0.712316	0.698495	0.655961	0.675894	0.707002	0.663189	0.635033	0.645864	0.671717	0.656869	0.694761	0.695999	0.648060	0.681130	0.682540	0.722850	0.692708	0.656599	0.663105	0.620040	0.687108	0.644694	0.665921	0.685851	0.715889	0.619048	0.681642	0.641913	0.650837	0.675766	0.676483	0.655524	0.668640	0.023959
precision1	0.806452	0.794979	0.759825	0.806167	0.760000	0.813043	0.750000	0.826271	0.794760	0.815451	0.784810	0.743590	0.753138	0.807860	0.771300	0.793991	0.789030	0.786364	0.805430	0.825112	0.737557	0.801688	0.839286	0.778261	0.768559	0.785714	0.825893	0.780591	0.765957	0.790909	0.762557	0.786026	0.813559	0.812500	0.798122	0.806167	0.795745	0.782051	0.762931	0.765182	0.814159	0.812500	0.814655	0.765217	0.805085	0.764957	0.793103	0.778761	0.805085	0.782407	0.789655	0.023352
precision0	0.530120	0.606557	0.619718	0.561644	0.573333	0.557143	0.716667	0.656250	0.605634	0.582090	0.730159	0.575758	0.639344	0.492958	0.584416	0.656716	0.666667	0.562500	0.670886	0.597403	0.632911	0.634921	0.592105	0.614286	0.549296	0.580645	0.526316	0.619048	0.753846	0.650000	0.567901	0.647887	0.625000	0.697368	0.609195	0.534247	0.600000	0.500000	0.720588	0.660377	0.540541	0.592105	0.705882	0.514286	0.640625	0.590909	0.558824	0.635135	0.625000	0.547619	0.609057	0.060154
precision_macro	0.668286	0.700768	0.689772	0.683906	0.666667	0.685093	0.733333	0.741261	0.700197	0.698770	0.757484	0.659674	0.696241	0.650409	0.677858	0.725354	0.727848	0.674432	0.738158	0.711257	0.685234	0.718304	0.715695	0.696273	0.658927	0.683180	0.676104	0.699819	0.759902	0.720455	0.665229	0.716957	0.719280	0.754934	0.703659	0.670207	0.697872	0.641026	0.741760	0.712780	0.677350	0.702303	0.760269	0.639752	0.722855	0.677933	0.675963	0.706948	0.715042	0.665013	0.699356	0.030480
f1score1	0.812065	0.838852	0.809302	0.828054	0.799065	0.834821	0.823799	0.860927	0.829157	0.842572	0.845455	0.798165	0.816327	0.822222	0.805621	0.839002	0.840449	0.808411	0.837647	0.840183	0.789346	0.844444	0.848758	0.821101	0.805492	0.829268	0.831461	0.829596	0.835267	0.824645	0.793349	0.829493	0.849558	0.848485	0.815348	0.824324	0.834821	0.813333	0.827103	0.832599	0.828829	0.832952	0.857143	0.800000	0.846325	0.813636	0.825112	0.820513	0.844444	0.799054	0.826558	0.016930
f1score0	0.520710	0.503401	0.517647	0.518987	0.500000	0.513158	0.527607	0.571429	0.534161	0.523490	0.575000	0.463415	0.490566	0.466667	0.520231	0.553459	0.541935	0.523256	0.605714	0.567901	0.534759	0.533333	0.573248	0.524390	0.478528	0.483221	0.516129	0.506494	0.579882	0.584270	0.513966	0.554217	0.540541	0.619883	0.579235	0.500000	0.513158	0.440000	0.569767	0.479452	0.512821	0.552147	0.603774	0.450000	0.543046	0.487500	0.493506	0.549708	0.533333	0.519774	0.528176	0.039538
f1score_macro	0.666388	0.671127	0.663475	0.673521	0.649533	0.673990	0.675703	0.716178	0.681659	0.683031	0.710227	0.630790	0.653446	0.644444	0.662926	0.696231	0.691192	0.665834	0.721681	0.704042	0.662053	0.688889	0.711003	0.672746	0.642010	0.656245	0.673795	0.668045	0.707574	0.704457	0.653658	0.691855	0.695049	0.734184	0.697291	0.662162	0.673990	0.626667	0.698435	0.656026	0.670825	0.692550	0.730458	0.625000	0.694686	0.650568	0.659309	0.685110	0.688889	0.659414	0.677367	0.025401
roc_auc	0.664692	0.659042	0.655058	0.666758	0.642832	0.666704	0.665591	0.702321	0.672222	0.673585	0.695241	0.624571	0.644524	0.640071	0.655944	0.683842	0.677780	0.660431	0.712316	0.698495	0.655961	0.675894	0.707002	0.663189	0.635033	0.645864	0.671717	0.656869	0.694761	0.695999	0.648060	0.681130	0.682540	0.722850	0.692708	0.656599	0.663105	0.620040	0.687108	0.644694	0.665921	0.685851	0.715889	0.619048	0.681642	0.641913	0.650837	0.675766	0.676483	0.655524	0.668640	0.023959
mcc	0.332959	0.357382	0.343078	0.350244	0.308579	0.351316	0.393130	0.441869	0.371367	0.371502	0.448427	0.282068	0.336818	0.290296	0.333082	0.407085	0.402526	0.334570	0.449732	0.409554	0.339937	0.391911	0.422608	0.357937	0.292988	0.326921	0.347793	0.354093	0.449972	0.415735	0.312819	0.396471	0.400136	0.476706	0.396216	0.326522	0.359299	0.260220	0.425371	0.350930	0.343080	0.387805	0.474085	0.257970	0.402391	0.317811	0.325833	0.381441	0.389622	0.320397	0.366412	0.051965
spd	0.062206	0.049957	0.014964	0.113226	0.194251	0.109482	0.106848	0.112722	0.064560	0.224484	0.116864	0.120000	0.112088	0.153014	0.040308	0.012067	0.129428	0.216625	0.059156	0.037416	0.130000	0.104846	0.140505	0.016526	0.129412	0.153469	0.163603	0.089461	0.238868	0.090436	0.138538	0.142766	0.084239	0.157819	0.061905	0.078097	0.149246	0.074624	0.088205	0.114542	0.066211	0.160000	0.033019	0.131530	0.088436	0.260844	0.089763	0.099042	0.164451	0.097130	0.111744	0.055661

aod	0.046167	0.054863	0.007750	0.081116	0.175993	0.100057	0.084122	0.102724	0.044214	0.187266	0.074190	0.124489	0.142828	0.148771	0.011661	0.025159	0.093716	0.214568	0.014595	0.033499	0.102050	0.059923	0.105619	0.023271	0.120402	0.106735	0.131028	0.069523	0.227497	0.039130	0.128952	0.141790	0.072758	0.180032	0.118358	0.090196	0.162560	0.033431	0.080698	0.101648	0.041441	0.190672	0.021978	0.127419	0.035352	0.285949	0.045949	0.072529	0.194573	0.074937	0.099083	0.062211
eod	0.047599	0.006277	0.005064	0.083433	0.220736	0.082353	0.018367	0.052851	0.004419	0.206938	0.016667	0.071558	0.013169	0.125817	0.017767	0.038288	0.048083	0.111842	0.006248	0.027571	0.084600	0.053809	0.061239	0.033279	0.051282	0.113797	0.139744	0.046190	0.088533	0.042295	0.056751	0.114349	0.083138	0.070381	0.007724	0.028820	0.093540	0.054618	0.011738	0.046864	0.065025	0.102398	0.008362	0.104838	0.025250	0.163853	0.084954	0.075346	0.095361	0.117007	0.066603	0.049318
erd	0.087127	0.006647	0.010757	0.068485	0.109593	0.043586	0.010847	0.018878	0.014717	0.129202	0.033047	0.010000	0.063736	0.062973	0.041849	0.007959	0.043143	0.001998	0.060201	0.055393	0.045000	0.071827	0.036469	0.024169	0.015048	0.114330	0.091912	0.041054	0.040389	0.056049	0.000468	0.032696	0.049331	0.036666	0.080952	0.007274	0.012601	0.097826	0.018385	0.033877	0.056908	0.005000	0.008362	0.046222	0.065811	0.001783	0.108237	0.052257	0.008576	0.076415	0.044321	0.033240
