accuracy	0.840274	0.846392	0.840716	0.845802	0.846539	0.848235	0.848087	0.847129	0.846613	0.847498	0.844623	0.845286	0.847203	0.840864	0.845655	0.846392	0.850077	0.849267	0.848824	0.843370	0.847498	0.842338	0.842559	0.841675	0.842412	0.847055	0.848603	0.847571	0.851552	0.842928	0.851699	0.846539	0.844476	0.846097	0.847866	0.845655	0.843370	0.844697	0.846908	0.847719	0.847424	0.842633	0.848456	0.846982	0.848898	0.846392	0.849488	0.845213	0.847276	0.845581	0.846128	0.002648
recall1	0.591533	0.604741	0.585224	0.600713	0.613038	0.598324	0.604422	0.589238	0.600361	0.593994	0.588529	0.596398	0.603119	0.592164	0.590963	0.589376	0.604540	0.595713	0.603949	0.592703	0.592515	0.580981	0.592981	0.580451	0.595133	0.594071	0.607024	0.600417	0.612653	0.599824	0.601871	0.606454	0.581297	0.605430	0.613185	0.581738	0.581818	0.610738	0.600959	0.589168	0.601551	0.590276	0.599218	0.600538	0.619148	0.596014	0.598153	0.586745	0.591512	0.585565	0.596729	0.009159
recall0	0.924275	0.926413	0.927436	0.926674	0.922919	0.929885	0.927886	0.933405	0.926653	0.929960	0.930265	0.928094	0.928796	0.923024	0.929629	0.930697	0.930522	0.932700	0.928893	0.925364	0.930771	0.928543	0.923874	0.926479	0.925463	0.931890	0.926345	0.928802	0.929914	0.924736	0.932417	0.924203	0.929575	0.923917	0.923963	0.933740	0.929299	0.923767	0.927168	0.932225	0.928138	0.926133	0.929401	0.927691	0.923069	0.927255	0.932125	0.931479	0.932573	0.933768	0.928244	0.003089
recall_macro	0.757904	0.765577	0.756330	0.763693	0.767979	0.764104	0.766154	0.761322	0.763507	0.761977	0.759397	0.762246	0.765957	0.757594	0.760296	0.760037	0.767531	0.764206	0.766421	0.759034	0.761643	0.754762	0.758428	0.753465	0.760298	0.762980	0.766684	0.764610	0.771283	0.762280	0.767144	0.765328	0.755436	0.764674	0.768574	0.757739	0.755559	0.767253	0.764063	0.760697	0.764844	0.758204	0.764310	0.764114	0.771109	0.761635	0.765139	0.759112	0.762043	0.759666	0.762487	0.004112
precision1	0.725125	0.731279	0.732435	0.729964	0.722340	0.736009	0.732971	0.747482	0.726810	0.733952	0.738376	0.734012	0.739005	0.717626	0.734664	0.736116	0.740307	0.744420	0.735251	0.722040	0.736509	0.728390	0.717344	0.719344	0.728382	0.745214	0.726186	0.734865	0.741423	0.728404	0.742092	0.721306	0.727444	0.720129	0.723366	0.745564	0.729993	0.730286	0.729189	0.739669	0.733188	0.725583	0.733800	0.731175	0.722085	0.725735	0.743428	0.740796	0.745266	0.749907	0.732525	0.008264
precision0	0.870138	0.876206	0.868207	0.875521	0.879392	0.876325	0.877487	0.871670	0.877057	0.875644	0.871143	0.873601	0.875012	0.872624	0.873308	0.873576	0.877781	0.875172	0.877645	0.874145	0.874908	0.870440	0.874480	0.871830	0.871892	0.872546	0.879882	0.876120	0.879793	0.872885	0.878768	0.878931	0.872870	0.878664	0.880476	0.869940	0.871202	0.875339	0.876849	0.874094	0.876479	0.872309	0.877154	0.876410	0.882457	0.876648	0.875851	0.871024	0.872540	0.869166	0.874872	0.003190
precision_macro	0.797632	0.803743	0.800321	0.802742	0.800866	0.806167	0.805229	0.809576	0.801933	0.804798	0.804760	0.803807	0.807008	0.795125	0.803986	0.804846	0.809044	0.809796	0.806448	0.798093	0.805709	0.799415	0.795912	0.795587	0.800137	0.808880	0.803034	0.805493	0.810608	0.800644	0.810430	0.800118	0.800157	0.799397	0.801921	0.807752	0.800597	0.802812	0.803019	0.806882	0.804834	0.798946	0.805477	0.803792	0.802271	0.801192	0.809640	0.805910	0.808903	0.809536	0.803699	0.004029
f1score1	0.651552	0.662018	0.650606	0.659061	0.663216	0.660063	0.662518	0.658994	0.657561	0.656598	0.654992	0.658088	0.664183	0.648886	0.655025	0.654624	0.665571	0.661816	0.663163	0.651010	0.656711	0.646388	0.649261	0.642477	0.655050	0.661114	0.661280	0.660872	0.670915	0.657891	0.664667	0.658912	0.646211	0.657817	0.663734	0.653541	0.647537	0.665184	0.658893	0.655896	0.660878	0.650973	0.659715	0.659449	0.666667	0.654509	0.662925	0.654832	0.659547	0.657624	0.657620	0.005844
f1score0	0.896390	0.900610	0.896845	0.900371	0.900630	0.902311	0.901983	0.901482	0.901173	0.901985	0.899734	0.900024	0.901102	0.897117	0.900589	0.901232	0.903382	0.903021	0.902542	0.899026	0.901976	0.898553	0.898498	0.898324	0.897879	0.901242	0.902515	0.901692	0.904159	0.898063	0.904798	0.900999	0.900331	0.900723	0.901696	0.900711	0.899313	0.898901	0.901307	0.902224	0.901569	0.898416	0.902522	0.901321	0.902307	0.901242	0.903113	0.900238	0.901558	0.900309	0.900761	0.001828
f1score_macro	0.773971	0.781314	0.773726	0.779716	0.781923	0.781187	0.782251	0.780238	0.779367	0.779291	0.777363	0.779056	0.782642	0.773001	0.777807	0.777928	0.784476	0.782418	0.782853	0.775018	0.779344	0.772471	0.773880	0.770401	0.776465	0.781178	0.781898	0.781282	0.787537	0.777977	0.784732	0.779955	0.773271	0.779270	0.782715	0.777126	0.773425	0.782042	0.780100	0.779060	0.781224	0.774694	0.781119	0.780385	0.784487	0.777875	0.783019	0.777535	0.780552	0.778967	0.779191	0.003630
roc_auc	0.757904	0.765577	0.756330	0.763693	0.767979	0.764104	0.766154	0.761322	0.763507	0.761977	0.759397	0.762246	0.765957	0.757594	0.760296	0.760037	0.767531	0.764206	0.766421	0.759034	0.761643	0.754762	0.758428	0.753465	0.760298	0.762980	0.766684	0.764610	0.771283	0.762280	0.767144	0.765328	0.755436	0.764674	0.768574	0.757739	0.755559	0.767253	0.764063	0.760697	0.764844	0.758204	0.764310	0.764114	0.771109	0.761635	0.765139	0.759112	0.762043	0.759666	0.762487	0.004112
mcc	0.554114	0.568039	0.554910	0.565088	0.567893	0.568718	0.570045	0.568855	0.564133	0.565155	0.562330	0.564525	0.571493	0.551443	0.562588	0.563103	0.575078	0.572189	0.571469	0.555756	0.565638	0.552375	0.553071	0.547434	0.559017	0.570015	0.568557	0.568635	0.580561	0.561616	0.575950	0.564375	0.553791	0.563000	0.569520	0.563275	0.554329	0.568955	0.565743	0.565696	0.568273	0.555659	0.568298	0.566519	0.572533	0.561435	0.573054	0.563080	0.569019	0.567014	0.564667	0.006978
spd	0.104795	0.085488	0.101272	0.099587	0.093759	0.105952	0.105538	0.095048	0.092299	0.094367	0.101167	0.102672	0.094216	0.107850	0.105322	0.093911	0.103129	0.094323	0.103540	0.110090	0.096257	0.086608	0.102461	0.090375	0.092550	0.106372	0.095672	0.103423	0.111429	0.107392	0.092620	0.106882	0.107597	0.113519	0.102978	0.098153	0.101998	0.096749	0.101339	0.098644	0.099101	0.087381	0.092680	0.100792	0.101999	0.107661	0.107266	0.103577	0.107692	0.099531	0.100301	0.006566

aod	0.063676	0.028804	0.073516	0.054462	0.019070	0.078249	0.077055	0.060355	0.046579	0.065134	0.052986	0.059036	0.052592	0.082276	0.071101	0.066530	0.064229	0.053854	0.068436	0.088995	0.064439	0.045314	0.063607	0.034707	0.042129	0.068453	0.055475	0.063076	0.077716	0.076347	0.049195	0.080200	0.096169	0.078519	0.076018	0.068809	0.083379	0.047644	0.065178	0.068196	0.067064	0.031354	0.042513	0.067244	0.059871	0.062400	0.079197	0.065494	0.067396	0.055134	0.062583	0.015500
eod	0.086741	0.025934	0.113041	0.064997	0.001434	0.117187	0.112915	0.087540	0.055751	0.100085	0.058562	0.082936	0.070873	0.117385	0.101672	0.097047	0.090478	0.073601	0.098550	0.130073	0.095085	0.052306	0.090646	0.031035	0.050221	0.093601	0.076410	0.089055	0.110678	0.108297	0.070818	0.119042	0.149608	0.113073	0.116454	0.098846	0.123079	0.059022	0.098655	0.108994	0.100686	0.031165	0.056833	0.104142	0.081060	0.080100	0.115247	0.093071	0.096294	0.072405	0.087455	0.028881
erd	0.055743	0.055059	0.044272	0.057333	0.066805	0.046586	0.046453	0.046748	0.053613	0.041709	0.063173	0.054087	0.048867	0.049100	0.052250	0.043228	0.051113	0.050000	0.049290	0.047148	0.045433	0.053240	0.052734	0.063224	0.055072	0.054575	0.048650	0.052449	0.051164	0.049527	0.047777	0.045673	0.040537	0.054386	0.041375	0.047601	0.043277	0.053040	0.047327	0.043901	0.044371	0.057469	0.052285	0.045002	0.050659	0.061039	0.048334	0.053792	0.055612	0.056424	0.050771	0.005794
