accuracy	0.899858	0.899639	0.897890	0.895704	0.899530	0.898655	0.899858	0.900295	0.898327	0.897453	0.897890	0.900623	0.893845	0.902591	0.894282	0.896141	0.899421	0.900732	0.897453	0.898327	0.896906	0.895376	0.896031	0.894829	0.897781	0.897562	0.896906	0.899311	0.897234	0.896469	0.897781	0.905324	0.894720	0.899093	0.898546	0.895704	0.901498	0.899639	0.897234	0.902154	0.898437	0.900842	0.898546	0.901935	0.900077	0.899749	0.898546	0.897453	0.897562	0.896031	0.898356	0.002270
recall1	0.391725	0.392796	0.372313	0.375845	0.361210	0.382250	0.381282	0.393471	0.372498	0.367586	0.378840	0.369527	0.386364	0.382538	0.358144	0.374786	0.393860	0.384480	0.376098	0.383478	0.361207	0.356303	0.348858	0.381939	0.373514	0.348511	0.359756	0.379032	0.367867	0.383033	0.367222	0.376731	0.376271	0.393287	0.381613	0.346712	0.370009	0.391192	0.388307	0.377293	0.376849	0.371327	0.381074	0.391916	0.379825	0.387013	0.369718	0.366579	0.379638	0.348315	0.375200	0.012420
recall0	0.971914	0.973688	0.974449	0.973000	0.974947	0.972031	0.974728	0.974195	0.973868	0.977233	0.974169	0.976390	0.969594	0.974490	0.970768	0.972309	0.971400	0.973793	0.971532	0.972365	0.974709	0.975996	0.973779	0.972796	0.975279	0.975890	0.973997	0.971610	0.972527	0.971554	0.973395	0.976314	0.971507	0.972699	0.973105	0.976304	0.976185	0.973338	0.970129	0.977256	0.973368	0.974950	0.974668	0.974404	0.974148	0.973849	0.973536	0.973263	0.972709	0.975344	0.973709	0.001751
recall_macro	0.681819	0.683242	0.673381	0.674422	0.668078	0.677141	0.678005	0.683833	0.673183	0.672409	0.676504	0.672958	0.677979	0.678514	0.664456	0.673547	0.682630	0.679136	0.673815	0.677921	0.667958	0.666149	0.661319	0.677367	0.674397	0.662201	0.666876	0.675321	0.670197	0.677294	0.670308	0.676523	0.673889	0.682993	0.677359	0.661508	0.673097	0.682265	0.679218	0.677274	0.675109	0.673138	0.677871	0.683160	0.676986	0.680431	0.671627	0.669921	0.676173	0.661829	0.674455	0.005895
precision1	0.664179	0.685629	0.679749	0.674242	0.668863	0.660091	0.685358	0.689759	0.671900	0.708535	0.683077	0.690671	0.654779	0.674603	0.636081	0.664134	0.662242	0.674923	0.652439	0.666163	0.674718	0.689431	0.654036	0.680945	0.690738	0.673435	0.665056	0.649770	0.655712	0.663205	0.662975	0.681135	0.661699	0.677037	0.671756	0.682353	0.685855	0.680180	0.650585	0.703583	0.670279	0.674757	0.688752	0.685100	0.676562	0.681402	0.664557	0.661927	0.668693	0.671667	0.672906	0.013935
precision0	0.918485	0.916500	0.914219	0.912926	0.915925	0.917177	0.916049	0.916775	0.915276	0.911213	0.914323	0.915651	0.913687	0.919455	0.913805	0.914124	0.918408	0.917892	0.916382	0.916441	0.913089	0.910220	0.913232	0.911924	0.913278	0.913043	0.913793	0.918432	0.915374	0.915024	0.915208	0.921034	0.913167	0.916785	0.916039	0.910547	0.916852	0.916873	0.917169	0.916442	0.915775	0.917224	0.914568	0.918550	0.916892	0.916618	0.915913	0.914964	0.915302	0.911782	0.915397	0.002267
precision_macro	0.791332	0.801064	0.796984	0.793584	0.792394	0.788634	0.800704	0.803267	0.793588	0.809874	0.798700	0.803161	0.784233	0.797029	0.774943	0.789129	0.790325	0.796407	0.784411	0.791302	0.793904	0.799826	0.783634	0.796435	0.802008	0.793239	0.789425	0.784101	0.785543	0.789114	0.789092	0.801085	0.787433	0.796911	0.793897	0.796450	0.801354	0.798527	0.783877	0.810013	0.793027	0.795990	0.801660	0.801825	0.796727	0.799010	0.790235	0.788445	0.791998	0.791724	0.794151	0.006926
f1score1	0.492802	0.499455	0.481111	0.482646	0.469093	0.484140	0.489978	0.501094	0.479283	0.484048	0.487377	0.481460	0.485971	0.488225	0.458263	0.479167	0.493949	0.489888	0.477146	0.486755	0.470522	0.469806	0.455014	0.489384	0.484848	0.459319	0.466930	0.478778	0.471316	0.485606	0.472645	0.485137	0.479741	0.497550	0.486726	0.459796	0.480692	0.496711	0.486339	0.491188	0.482451	0.479035	0.490670	0.498603	0.486517	0.493650	0.475113	0.471847	0.484315	0.458736	0.481617	0.011204
f1score0	0.944444	0.944228	0.943373	0.942006	0.944515	0.943808	0.944478	0.944613	0.943664	0.943069	0.943298	0.945046	0.940811	0.946173	0.941426	0.942319	0.944161	0.945016	0.943152	0.943575	0.942893	0.941961	0.942534	0.941377	0.943261	0.943421	0.942935	0.944273	0.943085	0.942442	0.943405	0.947869	0.941434	0.943914	0.943710	0.942280	0.945589	0.944262	0.942906	0.945872	0.943694	0.945206	0.943662	0.945653	0.944653	0.944367	0.943846	0.943213	0.943133	0.942493	0.943650	0.001334
f1score_macro	0.718623	0.721842	0.712242	0.712326	0.706804	0.713974	0.717228	0.722854	0.711473	0.713559	0.715337	0.713253	0.713391	0.717199	0.699845	0.710743	0.719055	0.717452	0.710149	0.715165	0.706708	0.705884	0.698774	0.715381	0.714055	0.701370	0.704933	0.711525	0.707201	0.714024	0.708025	0.716503	0.710587	0.720732	0.715218	0.701038	0.713140	0.720486	0.714622	0.718530	0.713072	0.712121	0.717166	0.722128	0.715585	0.719008	0.709480	0.707530	0.713724	0.700615	0.712634	0.005914
roc_auc	0.681819	0.683242	0.673381	0.674422	0.668078	0.677141	0.678005	0.683833	0.673183	0.672409	0.676504	0.672958	0.677979	0.678514	0.664456	0.673547	0.682630	0.679136	0.673815	0.677921	0.667958	0.666149	0.661319	0.677367	0.674397	0.662201	0.666876	0.675321	0.670197	0.677294	0.670308	0.676523	0.673889	0.682993	0.677359	0.661508	0.673097	0.682265	0.679218	0.677274	0.675109	0.673138	0.677871	0.683160	0.676986	0.680431	0.671627	0.669921	0.676173	0.661829	0.674455	0.005895
mcc	0.460304	0.469755	0.453834	0.452582	0.443374	0.452234	0.462717	0.472231	0.450974	0.462277	0.459225	0.457971	0.449833	0.460538	0.425281	0.448007	0.460530	0.460857	0.444679	0.455319	0.444358	0.446389	0.427810	0.458597	0.458996	0.436182	0.439537	0.446358	0.440902	0.452805	0.443778	0.461078	0.447131	0.466187	0.456619	0.437626	0.456786	0.466523	0.451113	0.468859	0.453041	0.452757	0.463278	0.470243	0.458330	0.464546	0.446373	0.442778	0.453617	0.434555	0.452994	0.010666
spd	0.087690	0.099011	0.068537	0.073411	0.075448	0.068532	0.067372	0.091668	0.055577	0.053979	0.056098	0.060338	0.060735	0.063836	0.076387	0.084816	0.092156	0.066652	0.110492	0.070776	0.080071	0.031799	0.082103	0.077752	0.057452	0.073363	0.058191	0.033008	0.108699	0.064018	0.092176	0.065847	0.077724	0.070658	0.069149	0.064683	0.054531	0.065156	0.084727	0.060644	0.068219	0.078679	0.037815	0.088149	0.049321	0.051126	0.065553	0.044457	0.086426	0.060691	0.069714	0.016941

aod	0.101373	0.092699	0.050506	0.066201	0.059073	0.025419	0.055030	0.057849	0.042800	0.021966	0.019302	0.054497	0.029933	0.018583	0.061277	0.105306	0.088942	0.046022	0.081843	0.050409	0.103823	0.017685	0.076000	0.061136	0.018951	0.059194	0.046492	0.019551	0.080411	0.037932	0.058556	0.089381	0.072588	0.070374	0.051880	0.043216	0.043699	0.018257	0.047068	0.019477	0.015466	0.083534	0.034839	0.051706	0.004822	0.040962	0.055285	0.039791	0.073419	0.015928	0.051609	0.025765
eod	0.163052	0.164329	0.073271	0.102788	0.093797	0.028494	0.085690	0.063125	0.064437	0.027245	0.008312	0.096401	0.054048	0.025161	0.096950	0.191445	0.139428	0.065167	0.089155	0.059091	0.179073	0.017018	0.124366	0.107452	0.014952	0.084188	0.077798	0.035318	0.126224	0.050511	0.094279	0.153012	0.110256	0.121442	0.092258	0.059703	0.082513	0.009332	0.013889	0.018505	0.014162	0.144794	0.050179	0.061317	0.005081	0.070909	0.087179	0.073312	0.106821	0.005861	0.077662	0.048162
erd	0.041404	0.046603	0.060652	0.051651	0.063638	0.084647	0.052502	0.085413	0.049588	0.068621	0.083224	0.043498	0.062268	0.083462	0.063406	0.026947	0.053408	0.060383	0.096396	0.064841	0.030736	0.055473	0.058796	0.053803	0.096551	0.065497	0.050902	0.074845	0.082487	0.064371	0.082596	0.027525	0.052718	0.038945	0.053431	0.068169	0.044595	0.086021	0.103245	0.104729	0.118576	0.042317	0.081636	0.084688	0.077201	0.040664	0.052355	0.039079	0.063292	0.095010	0.064656	0.021058
