accuracy	0.622907	0.636413	0.616964	0.634252	0.629930	0.604538	0.631551	0.635332	0.608320	0.614803	0.635332	0.627769	0.623447	0.613182	0.626688	0.609400	0.623447	0.635332	0.617504	0.620746	0.641815	0.638574	0.634252	0.618585	0.629930	0.624527	0.626148	0.631010	0.636953	0.608860	0.625068	0.632631	0.633171	0.634792	0.609400	0.632631	0.632631	0.638574	0.615883	0.635873	0.629930	0.623447	0.640735	0.632631	0.636413	0.635873	0.621286	0.620746	0.636413	0.620746	0.626948	0.009532
recall1	0.672098	0.722165	0.696078	0.662338	0.635271	0.648594	0.700199	0.674905	0.685259	0.653884	0.660767	0.677932	0.639489	0.641675	0.691855	0.669339	0.675000	0.732742	0.646999	0.696878	0.708812	0.715543	0.701362	0.679300	0.674757	0.683482	0.727273	0.714428	0.667650	0.642787	0.659158	0.694389	0.698132	0.681818	0.639053	0.705765	0.727006	0.658960	0.717058	0.690385	0.707243	0.693204	0.695652	0.651956	0.726348	0.724652	0.674781	0.644803	0.702000	0.684729	0.683519	0.027092
recall0	0.567319	0.540138	0.519856	0.601176	0.623681	0.553216	0.550177	0.583229	0.517119	0.567146	0.604317	0.568047	0.603842	0.577670	0.546875	0.539273	0.562867	0.517324	0.584101	0.532634	0.555143	0.543478	0.550425	0.542579	0.573691	0.553571	0.504172	0.531915	0.599520	0.567308	0.583133	0.560375	0.553957	0.580720	0.573477	0.545562	0.516285	0.612546	0.502294	0.565968	0.540257	0.535932	0.574493	0.610070	0.534562	0.530178	0.554612	0.593023	0.559342	0.543062	0.559033	0.028587
recall_macro	0.619708	0.631152	0.607967	0.631757	0.629476	0.600905	0.625188	0.629067	0.601189	0.610515	0.632542	0.622990	0.621665	0.609672	0.619365	0.604306	0.618934	0.625033	0.615550	0.614756	0.631977	0.629510	0.625894	0.610940	0.624224	0.618527	0.615722	0.623171	0.633585	0.605047	0.621145	0.627382	0.626044	0.631269	0.606265	0.625664	0.621645	0.635753	0.609676	0.628176	0.623750	0.614568	0.635073	0.631013	0.630455	0.627415	0.614696	0.618913	0.630671	0.613896	0.621276	0.009314
precision1	0.637066	0.638087	0.640216	0.661677	0.663874	0.628405	0.648524	0.680729	0.627165	0.648148	0.670659	0.651385	0.663609	0.654419	0.651571	0.629595	0.644699	0.647777	0.637914	0.633120	0.673339	0.659459	0.660862	0.650233	0.665072	0.648218	0.638889	0.644524	0.670286	0.645320	0.660451	0.648876	0.656192	0.651544	0.644776	0.648995	0.649476	0.684685	0.617958	0.671028	0.640839	0.652055	0.663525	0.661241	0.638640	0.647425	0.653774	0.646107	0.651811	0.645311	0.650991	0.013526
precision0	0.604908	0.633917	0.582210	0.601885	0.593750	0.574727	0.607562	0.576733	0.580902	0.573333	0.593640	0.597015	0.578161	0.563981	0.591678	0.582278	0.595771	0.615057	0.593677	0.602902	0.595745	0.607287	0.596053	0.574742	0.584367	0.592357	0.605150	0.610583	0.596659	0.564593	0.581731	0.610473	0.600780	0.613497	0.567376	0.608983	0.605375	0.584507	0.612587	0.587708	0.614058	0.582011	0.610127	0.600230	0.633015	0.617931	0.577750	0.591647	0.614987	0.586563	0.595459	0.016187
precision_macro	0.620987	0.636002	0.611213	0.631781	0.628812	0.601566	0.628043	0.628731	0.604033	0.610741	0.632149	0.624200	0.620885	0.609200	0.621624	0.605937	0.620235	0.631417	0.615795	0.618011	0.634542	0.633373	0.628457	0.612487	0.624720	0.620287	0.622020	0.627554	0.633472	0.604957	0.621091	0.629674	0.628486	0.632521	0.606076	0.628989	0.627425	0.634596	0.615273	0.629368	0.627449	0.617033	0.636826	0.630736	0.635828	0.632678	0.615762	0.618877	0.633399	0.615937	0.623225	0.009552
f1score1	0.654113	0.677528	0.666980	0.662007	0.649258	0.638340	0.673372	0.677804	0.654926	0.651003	0.665676	0.664394	0.651326	0.647984	0.671109	0.648859	0.659502	0.687645	0.642424	0.663471	0.690621	0.686357	0.680510	0.664449	0.669880	0.665383	0.680222	0.677678	0.668966	0.644051	0.659804	0.670862	0.676513	0.666338	0.641902	0.676190	0.686057	0.671576	0.663830	0.680569	0.672406	0.672000	0.679209	0.656566	0.679676	0.683865	0.664111	0.645455	0.675975	0.664436	0.666463	0.013238
f1score0	0.585511	0.583282	0.549269	0.601530	0.608348	0.563766	0.577447	0.579963	0.547158	0.570223	0.598930	0.582171	0.590722	0.570743	0.568395	0.559951	0.578852	0.561973	0.588850	0.565594	0.574727	0.573614	0.572331	0.558198	0.578980	0.572308	0.550065	0.568541	0.598086	0.565947	0.582431	0.584352	0.576419	0.596659	0.570410	0.575531	0.557292	0.598198	0.551985	0.576633	0.574798	0.558022	0.591774	0.605110	0.579638	0.570701	0.565944	0.592334	0.585846	0.563975	0.576071	0.014784
f1score_macro	0.619812	0.630405	0.608124	0.631769	0.628803	0.601053	0.625409	0.628883	0.601042	0.610613	0.632303	0.623282	0.621024	0.609364	0.619752	0.604405	0.619177	0.624809	0.615637	0.614532	0.632674	0.629986	0.626420	0.611323	0.624430	0.618845	0.615143	0.623109	0.633526	0.604999	0.621117	0.627607	0.626466	0.631498	0.606156	0.625861	0.621674	0.634887	0.607907	0.628601	0.623602	0.615011	0.635491	0.630838	0.629657	0.627283	0.615028	0.618895	0.630911	0.614206	0.621267	0.009333
roc_auc	0.619708	0.631152	0.607967	0.631757	0.629476	0.600905	0.625188	0.629067	0.601189	0.610515	0.632542	0.622990	0.621665	0.609672	0.619365	0.604306	0.618934	0.625033	0.615550	0.614756	0.631977	0.629510	0.625894	0.610940	0.624224	0.618527	0.615722	0.623171	0.633585	0.605047	0.621145	0.627382	0.626044	0.631269	0.606265	0.625664	0.621645	0.635753	0.609676	0.628176	0.623750	0.614568	0.635073	0.631013	0.630455	0.627415	0.614696	0.618913	0.630671	0.613896	0.621276	0.009314
mcc	0.240692	0.267109	0.219156	0.263538	0.258287	0.202470	0.253215	0.257797	0.205203	0.221256	0.264691	0.247187	0.242549	0.218872	0.240979	0.210236	0.239165	0.256370	0.231345	0.232744	0.266507	0.262855	0.254338	0.223422	0.248943	0.238807	0.237658	0.250687	0.267058	0.210004	0.242236	0.257046	0.254519	0.263787	0.212341	0.254631	0.249003	0.270346	0.224879	0.257542	0.251171	0.231587	0.271893	0.261749	0.266229	0.260039	0.230455	0.237790	0.264056	0.229824	0.244485	0.018758
spd	0.039410	0.033442	0.005845	0.090699	0.104811	0.040937	0.008301	0.042689	0.053095	0.057124	0.098464	0.056456	0.090474	0.072932	0.024083	0.088108	0.060495	0.005265	0.066593	0.020629	0.034284	0.040940	0.012374	0.033601	0.048094	0.062222	0.021162	0.036509	0.096280	0.063385	0.001491	0.039579	0.053971	0.070062	0.076307	0.016728	0.040410	0.101418	0.071443	0.055750	0.037775	0.056999	0.037773	0.048329	0.000967	0.047456	0.019823	0.063809	0.009388	0.052240	0.048208	0.027432

aod	0.007134	0.010549	0.021114	0.048159	0.052225	0.040940	0.046121	0.011900	0.046630	0.040051	0.070976	0.019956	0.054466	0.039377	0.014158	0.061894	0.086237	0.034615	0.035748	0.040850	0.012088	0.067524	0.034478	0.017268	0.017158	0.074444	0.035108	0.033270	0.062640	0.034521	0.031761	0.020405	0.049483	0.028216	0.046982	0.023816	0.023778	0.059628	0.046515	0.037947	0.047247	0.074815	0.063225	0.020750	0.057873	0.016784	0.034581	0.021734	0.026027	0.053163	0.039127	0.019033
eod	0.000510	0.008713	0.023840	0.057558	0.097180	0.044328	0.049542	0.012637	0.052225	0.056359	0.049305	0.021079	0.066939	0.067354	0.001821	0.063711	0.084403	0.024786	0.025607	0.076396	0.015261	0.053395	0.001222	0.010821	0.015156	0.085019	0.021225	0.029436	0.063000	0.043971	0.020556	0.010777	0.069233	0.026149	0.050717	0.014815	0.035166	0.062644	0.051341	0.034675	0.052730	0.083492	0.048623	0.019072	0.014939	0.022037	0.020640	0.036199	0.009380	0.074895	0.039618	0.025259
erd	0.009997	0.029087	0.014274	0.031886	0.060586	0.054301	0.006918	0.014990	0.075637	0.055813	0.004177	0.022718	0.031993	0.045708	0.030510	0.032907	0.004870	0.031635	0.007932	0.024564	0.018481	0.086906	0.044704	0.004792	0.015532	0.093973	0.057316	0.055750	0.025801	0.027766	0.012303	0.000650	0.067003	0.022139	0.024969	0.026333	0.046759	0.029237	0.037660	0.013792	0.063589	0.095976	0.012143	0.007131	0.071012	0.031718	0.044142	0.028468	0.034596	0.069642	0.035216	0.024274
