accuracy	0.631010	0.628309	0.621286	0.614803	0.633171	0.617504	0.621826	0.615343	0.624527	0.632631	0.626688	0.629390	0.623447	0.611021	0.628849	0.626148	0.631551	0.641275	0.633171	0.632631	0.639654	0.632631	0.637493	0.625608	0.637493	0.646137	0.612102	0.634252	0.622366	0.628309	0.622907	0.616964	0.613722	0.616964	0.606699	0.601837	0.618585	0.627769	0.618044	0.624527	0.635873	0.629930	0.614263	0.640194	0.640194	0.641275	0.631551	0.641815	0.627769	0.617504	0.626580	0.009899
recall1	0.636456	0.665986	0.664706	0.706294	0.700401	0.628514	0.650398	0.647338	0.645418	0.633235	0.705998	0.662028	0.673870	0.682571	0.706575	0.700401	0.646000	0.650888	0.687691	0.647533	0.701149	0.686217	0.701362	0.651118	0.675728	0.697329	0.683794	0.694527	0.689282	0.629048	0.619001	0.669339	0.695182	0.687879	0.680473	0.628231	0.652642	0.645472	0.716037	0.651923	0.714286	0.715534	0.664032	0.644935	0.696846	0.705765	0.691334	0.704339	0.690000	0.695567	0.674413	0.027168
recall0	0.624856	0.586009	0.567990	0.507059	0.554513	0.604678	0.587957	0.573217	0.599764	0.631894	0.529976	0.590533	0.561825	0.521845	0.533654	0.539273	0.614571	0.629630	0.571429	0.615385	0.560099	0.566425	0.557716	0.593674	0.589525	0.584524	0.525626	0.562648	0.540767	0.627404	0.627711	0.555686	0.514388	0.535424	0.517324	0.570414	0.576598	0.605166	0.508028	0.589396	0.544924	0.522533	0.554231	0.634660	0.576037	0.564497	0.557039	0.569767	0.554642	0.522727	0.569113	0.035118
recall_macro	0.630656	0.625997	0.616348	0.606676	0.627457	0.616596	0.619178	0.610277	0.622591	0.632565	0.617987	0.626280	0.617848	0.602208	0.620114	0.619837	0.630286	0.640259	0.629560	0.631459	0.630624	0.626321	0.629539	0.622396	0.632627	0.640927	0.604710	0.628588	0.615025	0.628226	0.623356	0.612512	0.604785	0.611651	0.598899	0.599322	0.614620	0.625319	0.612032	0.620659	0.629605	0.619034	0.609131	0.639798	0.636442	0.635131	0.624186	0.637053	0.622321	0.609147	0.621763	0.010732
precision1	0.657203	0.643633	0.653809	0.627886	0.647822	0.649378	0.651697	0.666341	0.656535	0.677182	0.646847	0.658103	0.652712	0.640183	0.649819	0.640110	0.663244	0.680412	0.645038	0.660843	0.673413	0.661640	0.664516	0.667331	0.673766	0.668880	0.634862	0.653558	0.646679	0.674027	0.671626	0.638013	0.635791	0.629972	0.630713	0.635176	0.655206	0.676085	0.620354	0.670623	0.645455	0.652790	0.642447	0.673298	0.650522	0.658627	0.660465	0.653558	0.645463	0.638914	0.653451	0.014359
precision0	0.603333	0.609785	0.579853	0.594483	0.612694	0.582864	0.586572	0.552473	0.587963	0.585556	0.596491	0.594756	0.585000	0.568783	0.597577	0.606061	0.596351	0.598184	0.617684	0.601367	0.591623	0.593671	0.599217	0.576151	0.591687	0.616060	0.579501	0.607918	0.588005	0.580000	0.572527	0.589552	0.580514	0.598701	0.571995	0.563084	0.573830	0.572093	0.614424	0.569048	0.621838	0.594183	0.577640	0.604911	0.626566	0.617076	0.591495	0.625798	0.603581	0.585791	0.592726	0.016613
precision_macro	0.630268	0.626709	0.616831	0.611185	0.630258	0.616121	0.619135	0.609407	0.622249	0.631369	0.621669	0.626429	0.618856	0.604483	0.623698	0.623085	0.629798	0.639298	0.631361	0.631105	0.632518	0.627655	0.631866	0.621741	0.632726	0.642470	0.607182	0.630738	0.617342	0.627014	0.622077	0.613783	0.608153	0.614337	0.601354	0.599130	0.614518	0.624089	0.617389	0.619835	0.633646	0.623486	0.610044	0.639105	0.638544	0.637852	0.625980	0.639678	0.624522	0.612352	0.623089	0.010392
f1score1	0.646663	0.654618	0.659212	0.664786	0.673086	0.638776	0.651047	0.656702	0.650929	0.654472	0.675129	0.660059	0.663122	0.660697	0.677010	0.668900	0.654509	0.665323	0.665682	0.654120	0.687001	0.673704	0.682442	0.659124	0.674746	0.682809	0.658421	0.673420	0.667301	0.650761	0.644241	0.653301	0.664162	0.657653	0.654649	0.631684	0.653922	0.660424	0.664770	0.661141	0.678128	0.682723	0.653061	0.658811	0.672888	0.681382	0.675547	0.677999	0.666989	0.666038	0.663282	0.011922
f1score0	0.613906	0.597661	0.573860	0.547302	0.582154	0.593571	0.587264	0.562654	0.593805	0.607843	0.561270	0.592637	0.573178	0.544304	0.563810	0.570720	0.605324	0.613504	0.593656	0.608295	0.575430	0.579728	0.577722	0.584781	0.590604	0.599878	0.551250	0.584408	0.563398	0.602771	0.598851	0.572118	0.545455	0.565297	0.543287	0.566725	0.575211	0.588165	0.556183	0.579043	0.580846	0.556060	0.565693	0.619429	0.600240	0.589617	0.573750	0.596470	0.578077	0.552465	0.579993	0.019555
f1score_macro	0.630285	0.626140	0.616536	0.606044	0.627620	0.616173	0.619156	0.609678	0.622367	0.631157	0.618200	0.626348	0.618150	0.602501	0.620410	0.619810	0.629916	0.639413	0.629669	0.631207	0.631216	0.626716	0.630082	0.621953	0.632675	0.641343	0.604835	0.628914	0.615350	0.626766	0.621546	0.612710	0.604808	0.611475	0.598968	0.599205	0.614566	0.624294	0.610477	0.620092	0.629487	0.619392	0.609377	0.639120	0.636564	0.635499	0.624649	0.637234	0.622533	0.609251	0.621638	0.010714
roc_auc	0.630656	0.625997	0.616348	0.606676	0.627457	0.616596	0.619178	0.610277	0.622591	0.632565	0.617987	0.626280	0.617848	0.602208	0.620114	0.619837	0.630286	0.640259	0.629560	0.631459	0.630624	0.626321	0.629539	0.622396	0.632627	0.640927	0.604710	0.628588	0.615025	0.628226	0.623356	0.612512	0.604785	0.611651	0.598899	0.599322	0.614620	0.625319	0.612032	0.620659	0.629605	0.619034	0.609131	0.639798	0.636442	0.635131	0.624186	0.637053	0.622321	0.609147	0.621763	0.010732
mcc	0.260924	0.252705	0.233178	0.217814	0.257700	0.232716	0.238312	0.219682	0.244840	0.263931	0.239628	0.252709	0.236701	0.206678	0.243787	0.242901	0.260083	0.279555	0.260914	0.262563	0.263136	0.253973	0.261395	0.244136	0.265353	0.283393	0.211877	0.259317	0.232355	0.255237	0.245429	0.226291	0.212911	0.225972	0.200237	0.198452	0.229138	0.249405	0.229359	0.240493	0.263220	0.242479	0.219173	0.278901	0.274978	0.272969	0.250160	0.276719	0.246833	0.221476	0.244842	0.021057
spd	0.090165	0.067622	0.112602	0.050612	0.039345	0.017481	0.047750	0.012129	0.059749	0.096037	0.079902	0.063449	0.092038	0.001570	0.073470	0.073990	0.079185	0.091970	0.132084	0.065884	0.013506	0.101288	0.028818	0.061502	0.100083	0.067981	0.033711	0.015342	0.008759	0.135801	0.034090	0.062711	0.046423	0.057622	0.081134	0.080695	0.049375	0.070650	0.079511	0.066882	0.022117	0.026243	0.029688	0.109173	0.056069	0.080912	0.031280	0.056950	0.041512	0.029675	0.060531	0.031641

aod	0.066817	0.047085	0.082830	0.025708	0.012209	0.014328	0.016506	0.034667	0.037598	0.074632	0.059388	0.052186	0.074329	0.016921	0.050502	0.047239	0.045236	0.074656	0.112622	0.044594	0.055683	0.078190	0.012754	0.038927	0.076972	0.037763	0.011306	0.013749	0.016586	0.125172	0.064272	0.035097	0.037646	0.037944	0.059730	0.070493	0.024889	0.042474	0.074619	0.049374	0.026890	0.016942	0.015576	0.084850	0.028735	0.045670	0.009742	0.024856	0.022391	0.010150	0.044790	0.026912
eod	0.046868	0.015462	0.122456	0.047200	0.000233	0.014190	0.032952	0.039048	0.049486	0.053551	0.061646	0.008704	0.081311	0.032982	0.058804	0.047522	0.056229	0.056117	0.093932	0.011031	0.029746	0.104463	0.007551	0.045335	0.082311	0.048075	0.021736	0.002097	0.026570	0.068214	0.038648	0.060490	0.054269	0.012372	0.060214	0.009248	0.019265	0.056176	0.051836	0.045484	0.021344	0.008816	0.023669	0.066202	0.000450	0.056832	0.015445	0.022292	0.023530	0.008358	0.040415	0.027498
erd	0.009914	0.017900	0.063439	0.052443	0.006587	0.012262	0.026431	0.027289	0.020945	0.009105	0.026723	0.031488	0.026157	0.002236	0.032129	0.025624	0.022218	0.006435	0.005210	0.023901	0.065361	0.047496	0.002602	0.018318	0.025677	0.027989	0.027883	0.023449	0.004640	0.037543	0.060740	0.042549	0.060372	0.003670	0.028525	0.044535	0.007250	0.025724	0.010863	0.009386	0.013102	0.040257	0.026394	0.005329	0.010172	0.036389	0.018399	0.017297	0.014669	0.015551	0.024411	0.016589
