accuracy	0.750000	0.766667	0.730000	0.746667	0.723333	0.750000	0.740000	0.793333	0.750000	0.750000	0.766667	0.716667	0.733333	0.726667	0.723333	0.766667	0.763333	0.736667	0.760000	0.776667	0.696667	0.770000	0.786667	0.740000	0.726667	0.746667	0.730000	0.743333	0.746667	0.763333	0.716667	0.730000	0.766667	0.786667	0.763333	0.733333	0.760000	0.743333	0.753333	0.736667	0.753333	0.756667	0.776667	0.716667	0.766667	0.740000	0.730000	0.736667	0.736667	0.736667	0.747200	0.020170
recall1	0.850467	0.901869	0.870647	0.855814	0.901478	0.871560	0.903553	0.894009	0.857143	0.866972	0.906404	0.896040	0.891089	0.846154	0.848039	0.894231	0.899038	0.841346	0.862745	0.869767	0.843750	0.892019	0.881279	0.873786	0.846154	0.877934	0.814480	0.894737	0.908163	0.866337	0.841584	0.853659	0.930556	0.931707	0.838235	0.829493	0.896714	0.898148	0.903061	0.888889	0.857798	0.873239	0.899522	0.847619	0.910798	0.893204	0.864486	0.866995	0.859813	0.859903	0.875449	0.026090
recall0	0.500000	0.430233	0.444444	0.470588	0.350515	0.426829	0.427184	0.530120	0.500000	0.439024	0.474227	0.346939	0.408163	0.392405	0.458333	0.478261	0.456522	0.500000	0.541667	0.541176	0.435185	0.471264	0.530864	0.446809	0.456522	0.425287	0.493671	0.395604	0.442308	0.551020	0.459184	0.463158	0.345238	0.473684	0.604167	0.481928	0.425287	0.345238	0.471154	0.397849	0.475610	0.471264	0.494505	0.411111	0.413793	0.404255	0.395349	0.463918	0.430233	0.462366	0.453089	0.053913
recall_macro	0.675234	0.666051	0.657546	0.663201	0.625997	0.649194	0.665369	0.712065	0.678571	0.652998	0.690315	0.621489	0.649626	0.619279	0.653186	0.686246	0.677780	0.670673	0.702206	0.705472	0.639468	0.681642	0.706071	0.660297	0.651338	0.651611	0.654075	0.645171	0.675235	0.708679	0.650384	0.658408	0.637897	0.702696	0.721201	0.655710	0.661000	0.621693	0.687108	0.643369	0.666704	0.672252	0.697014	0.629365	0.662296	0.648730	0.629917	0.665456	0.645023	0.661134	0.664269	0.025069
precision1	0.808889	0.797521	0.760870	0.803493	0.743902	0.801688	0.751055	0.832618	0.800000	0.804255	0.782979	0.738776	0.756303	0.795745	0.768889	0.794872	0.789030	0.791855	0.800000	0.827434	0.726457	0.805085	0.835498	0.775862	0.778761	0.789030	0.818182	0.772727	0.754237	0.799087	0.762332	0.774336	0.785156	0.792531	0.818182	0.807175	0.792531	0.779116	0.762931	0.766667	0.813043	0.801724	0.803419	0.770563	0.791837	0.766667	0.780591	0.771930	0.789700	0.780702	0.786325	0.023413
precision0	0.573333	0.637931	0.628571	0.563380	0.629630	0.555556	0.698413	0.656716	0.600000	0.553846	0.707692	0.618182	0.645161	0.476923	0.586667	0.666667	0.666667	0.582278	0.650000	0.621622	0.610390	0.640625	0.623188	0.617647	0.567568	0.587302	0.487500	0.620690	0.718750	0.666667	0.584416	0.594595	0.659091	0.762712	0.637363	0.519481	0.627119	0.568627	0.720588	0.616667	0.557143	0.602941	0.681818	0.536232	0.654545	0.633333	0.539683	0.625000	0.552239	0.597222	0.614607	0.057678
precision_macro	0.691111	0.717726	0.694720	0.683437	0.686766	0.678622	0.724734	0.744667	0.700000	0.679051	0.745336	0.678479	0.700732	0.636334	0.677778	0.730769	0.727848	0.687067	0.725000	0.724528	0.668424	0.722855	0.729343	0.696755	0.673164	0.688166	0.652841	0.696708	0.736494	0.732877	0.673374	0.684465	0.722124	0.777621	0.727772	0.663328	0.709825	0.673872	0.741760	0.691667	0.685093	0.702333	0.742618	0.653397	0.723191	0.700000	0.660137	0.698465	0.670969	0.688962	0.700466	0.028957
f1score1	0.829157	0.846491	0.812065	0.828829	0.815145	0.835165	0.820276	0.862222	0.827586	0.834437	0.840183	0.809843	0.818182	0.820175	0.806527	0.841629	0.840449	0.815851	0.830189	0.848073	0.780723	0.846325	0.857778	0.821918	0.811060	0.831111	0.816327	0.829268	0.824074	0.831354	0.800000	0.812065	0.851695	0.856502	0.828087	0.818182	0.841410	0.834409	0.827103	0.823266	0.834821	0.835955	0.848758	0.807256	0.847162	0.825112	0.820399	0.816705	0.823266	0.818391	0.828059	0.015770
f1score0	0.534161	0.513889	0.520710	0.512821	0.450331	0.482759	0.530120	0.586667	0.545455	0.489796	0.567901	0.444444	0.500000	0.430556	0.514620	0.556962	0.541935	0.538012	0.590909	0.578616	0.508108	0.543046	0.573333	0.518519	0.506024	0.493333	0.490566	0.483221	0.547619	0.603352	0.514286	0.520710	0.453125	0.584416	0.620321	0.500000	0.506849	0.429630	0.569767	0.483660	0.513158	0.529032	0.573248	0.465409	0.507042	0.493506	0.456376	0.532544	0.483660	0.521212	0.519115	0.044186
f1score_macro	0.681659	0.680190	0.666388	0.670825	0.632738	0.658962	0.675198	0.724444	0.686520	0.662117	0.704042	0.627144	0.659091	0.625365	0.660573	0.699295	0.691192	0.676931	0.710549	0.713344	0.644415	0.694686	0.715556	0.670218	0.658542	0.662222	0.653446	0.656245	0.685847	0.717353	0.657143	0.666388	0.652410	0.720459	0.724204	0.659091	0.674130	0.632019	0.698435	0.653463	0.673990	0.682494	0.711003	0.636333	0.677102	0.659309	0.638387	0.674625	0.653463	0.669801	0.673587	0.026110
roc_auc	0.675234	0.666051	0.657546	0.663201	0.625997	0.649194	0.665369	0.712065	0.678571	0.652998	0.690315	0.621489	0.649626	0.619279	0.653186	0.686246	0.677780	0.670673	0.702206	0.705472	0.639468	0.681642	0.706071	0.660297	0.651338	0.651611	0.654075	0.645171	0.675235	0.708679	0.650384	0.658408	0.637897	0.702696	0.721201	0.655710	0.661000	0.621693	0.687108	0.643369	0.666704	0.672252	0.697014	0.629365	0.662296	0.648730	0.629917	0.665456	0.645023	0.661134	0.664269	0.025069
mcc	0.366001	0.380282	0.350299	0.346047	0.306802	0.326493	0.385559	0.455567	0.377964	0.331026	0.432163	0.294505	0.346611	0.255044	0.330049	0.414631	0.402526	0.357364	0.426597	0.429577	0.306526	0.402391	0.434792	0.355186	0.323767	0.337804	0.306914	0.337972	0.407147	0.440892	0.322940	0.341882	0.350029	0.474437	0.448925	0.318947	0.367597	0.290923	0.425371	0.331536	0.351316	0.373375	0.437260	0.281739	0.380646	0.344940	0.288476	0.362421	0.314925	0.348989	0.362503	0.050954
spd	0.103022	0.048027	0.012248	0.079278	0.023462	0.096984	0.076574	0.082353	0.044152	0.189205	0.106393	0.115000	0.092308	0.136865	0.019255	0.016945	0.113128	0.174089	0.054348	0.020485	0.095000	0.100129	0.145828	0.010742	0.066211	0.116779	0.082721	0.083333	0.142761	0.069877	0.126695	0.064647	0.023620	0.085416	0.026984	0.058295	0.100909	0.115385	0.026234	0.049577	0.084815	0.080000	0.010292	0.088343	0.129160	0.172311	0.080526	0.108345	0.085978	0.106076	0.082822	0.043992

aod	0.059019	0.038125	0.047774	0.049120	0.092374	0.083286	0.048654	0.054469	0.006313	0.153012	0.067047	0.115331	0.132546	0.130203	0.011520	0.021781	0.070658	0.175721	0.006198	0.057184	0.063462	0.050489	0.108136	0.044058	0.045711	0.060679	0.050532	0.068276	0.113332	0.013029	0.113359	0.055075	0.023867	0.087379	0.052862	0.055303	0.109144	0.072432	0.018400	0.043335	0.059804	0.065836	0.009468	0.077136	0.092855	0.177800	0.041898	0.087913	0.107945	0.087618	0.069549	0.040660
eod	0.094579	0.025758	0.012057	0.047219	0.081382	0.080040	0.004762	0.046601	0.012626	0.178628	0.002381	0.076540	0.008999	0.117647	0.000818	0.031532	0.048083	0.051692	0.006997	0.024164	0.077193	0.053809	0.071828	0.040371	0.000000	0.088679	0.064103	0.036553	0.075111	0.023427	0.052593	0.056304	0.010698	0.040830	0.000682	0.030103	0.053377	0.099967	0.013000	0.010646	0.083893	0.087812	0.001695	0.070939	0.049346	0.110390	0.066435	0.075346	0.033215	0.154762	0.051712	0.039600
erd	0.117739	0.023585	0.047447	0.053768	0.093901	0.054224	0.022341	0.039945	0.044152	0.124378	0.022576	0.025000	0.073260	0.068356	0.041849	0.012837	0.059444	0.030969	0.045778	0.069816	0.070000	0.076544	0.051545	0.039661	0.012585	0.119069	0.062500	0.036152	0.037369	0.054630	0.010129	0.031471	0.008361	0.000826	0.036508	0.013134	0.006817	0.131480	0.012601	0.019314	0.066211	0.055000	0.021655	0.044465	0.061286	0.021985	0.094219	0.042955	0.018868	0.120826	0.048991	0.033047
