accuracy	0.743333	0.746667	0.733333	0.726667	0.750000	0.726667	0.746667	0.800000	0.733333	0.780000	0.753333	0.706667	0.733333	0.746667	0.696667	0.766667	0.786667	0.716667	0.763333	0.753333	0.690000	0.763333	0.756667	0.713333	0.716667	0.753333	0.750000	0.716667	0.760000	0.760000	0.740000	0.746667	0.776667	0.770000	0.750000	0.716667	0.750000	0.736667	0.730000	0.740000	0.766667	0.750000	0.776667	0.716667	0.800000	0.743333	0.770000	0.746667	0.773333	0.753333	0.746867	0.023995
recall1	0.822430	0.878505	0.845771	0.869767	0.847291	0.834862	0.878173	0.889401	0.847619	0.880734	0.906404	0.846535	0.891089	0.841629	0.808824	0.894231	0.875000	0.846154	0.823529	0.841860	0.833333	0.882629	0.817352	0.849515	0.836538	0.892019	0.828054	0.837321	0.867347	0.876238	0.836634	0.868293	0.884259	0.853659	0.843137	0.801843	0.868545	0.837963	0.872449	0.888889	0.857798	0.854460	0.880383	0.823810	0.915493	0.864078	0.878505	0.886700	0.883178	0.859903	0.859003	0.025910
recall0	0.546512	0.418605	0.505051	0.364706	0.546392	0.439024	0.495146	0.566265	0.466667	0.512195	0.432990	0.418367	0.408163	0.481013	0.458333	0.478261	0.586957	0.423913	0.635417	0.529412	0.435185	0.471264	0.592593	0.414894	0.445652	0.413793	0.531646	0.439560	0.557692	0.520408	0.540816	0.484211	0.500000	0.589474	0.552083	0.493976	0.459770	0.476190	0.461538	0.408602	0.524390	0.494253	0.538462	0.466667	0.517241	0.478723	0.500000	0.453608	0.500000	0.516129	0.489844	0.056376
recall_macro	0.684471	0.648555	0.675411	0.617237	0.696841	0.636943	0.686659	0.727833	0.657143	0.696465	0.669697	0.632451	0.649626	0.661321	0.633578	0.686246	0.730978	0.635033	0.729473	0.685636	0.634259	0.676947	0.704972	0.632204	0.641095	0.652906	0.679850	0.638441	0.712520	0.698323	0.688725	0.676252	0.692130	0.721566	0.697610	0.647910	0.664157	0.657077	0.666994	0.648746	0.691094	0.674356	0.709422	0.645238	0.716367	0.671401	0.689252	0.670154	0.691589	0.688016	0.674423	0.028713
precision1	0.818605	0.789916	0.776256	0.775934	0.796296	0.798246	0.768889	0.842795	0.787611	0.827586	0.769874	0.750000	0.756303	0.819383	0.760369	0.794872	0.827273	0.768559	0.827586	0.819005	0.723982	0.803419	0.844340	0.760870	0.773333	0.788382	0.831818	0.774336	0.787037	0.790179	0.789720	0.784141	0.819742	0.817757	0.800000	0.805556	0.797414	0.804444	0.753304	0.769874	0.827434	0.805310	0.814159	0.782805	0.822785	0.784141	0.813853	0.772532	0.814655	0.798206	0.794618	0.025887
precision0	0.552941	0.580645	0.617284	0.525424	0.630952	0.500000	0.680000	0.661972	0.567568	0.617647	0.688525	0.569444	0.645161	0.520548	0.530120	0.666667	0.675000	0.549296	0.628866	0.569620	0.594937	0.621212	0.545455	0.557143	0.546667	0.610169	0.525000	0.540541	0.690476	0.671053	0.616279	0.630137	0.626866	0.651163	0.623529	0.488095	0.588235	0.533333	0.657534	0.622951	0.581081	0.581081	0.662162	0.531646	0.714286	0.616438	0.623188	0.656716	0.632353	0.623377	0.602816	0.055061
precision_macro	0.685773	0.685281	0.696770	0.650679	0.713624	0.649123	0.724444	0.752383	0.677589	0.722617	0.729200	0.659722	0.700732	0.669966	0.645245	0.730769	0.751136	0.658927	0.728226	0.694312	0.659459	0.712315	0.694897	0.659006	0.660000	0.699276	0.678409	0.657438	0.738757	0.730616	0.702999	0.707139	0.723304	0.734460	0.711765	0.646825	0.692825	0.668889	0.705419	0.696413	0.704257	0.693195	0.738161	0.657225	0.768535	0.700290	0.718521	0.714624	0.723504	0.710791	0.698717	0.030748
f1score1	0.820513	0.831858	0.809524	0.820175	0.821002	0.816143	0.819905	0.865471	0.816514	0.853333	0.832579	0.795349	0.818182	0.830357	0.783848	0.841629	0.850467	0.805492	0.825553	0.830275	0.774818	0.841163	0.830626	0.802752	0.803695	0.837004	0.829932	0.804598	0.825243	0.830986	0.812500	0.824074	0.850780	0.835322	0.821002	0.803695	0.831461	0.820862	0.808511	0.825112	0.842342	0.829157	0.845977	0.802784	0.866667	0.822171	0.844944	0.825688	0.847534	0.827907	0.825150	0.018450
f1score0	0.549708	0.486486	0.555556	0.430556	0.585635	0.467532	0.573034	0.610390	0.512195	0.560000	0.531646	0.482353	0.500000	0.500000	0.491620	0.556962	0.627907	0.478528	0.632124	0.548780	0.502674	0.535948	0.568047	0.475610	0.491018	0.493151	0.528302	0.484848	0.617021	0.586207	0.576087	0.547619	0.556291	0.618785	0.585635	0.491018	0.516129	0.503145	0.542373	0.493506	0.551282	0.534161	0.593939	0.497041	0.600000	0.538922	0.554839	0.536585	0.558442	0.564706	0.538487	0.046303
f1score_macro	0.685110	0.659172	0.682540	0.625365	0.703319	0.641838	0.696469	0.737930	0.664354	0.706667	0.682112	0.638851	0.659091	0.665179	0.637734	0.699295	0.739187	0.642010	0.728839	0.689528	0.638746	0.688556	0.699337	0.639181	0.647357	0.665078	0.679117	0.644723	0.721132	0.708596	0.694293	0.685847	0.703535	0.727053	0.703319	0.647357	0.673795	0.662003	0.675442	0.659309	0.696812	0.681659	0.719958	0.649913	0.733333	0.680547	0.699891	0.681137	0.702988	0.696306	0.681818	0.029296
roc_auc	0.684471	0.648555	0.675411	0.617237	0.696841	0.636943	0.686659	0.727833	0.657143	0.696465	0.669697	0.632451	0.649626	0.661321	0.633578	0.686246	0.730978	0.635033	0.729473	0.685636	0.634259	0.676947	0.704972	0.632204	0.641095	0.652906	0.679850	0.638441	0.712520	0.698323	0.688725	0.676252	0.692130	0.721566	0.697610	0.647910	0.664157	0.657077	0.666994	0.648746	0.691094	0.674356	0.709422	0.645238	0.716367	0.671401	0.689252	0.670154	0.691589	0.688016	0.674423	0.028713
mcc	0.370241	0.331809	0.371567	0.265820	0.410122	0.285807	0.409363	0.479588	0.334107	0.418264	0.394433	0.290898	0.346611	0.331174	0.278579	0.414631	0.481693	0.292988	0.457697	0.379849	0.292636	0.387652	0.399742	0.289974	0.300501	0.349116	0.358256	0.295268	0.450513	0.427721	0.391464	0.382144	0.414262	0.455844	0.409130	0.294733	0.355829	0.325752	0.370425	0.341851	0.395132	0.367069	0.446659	0.302226	0.482088	0.370566	0.406721	0.382200	0.413864	0.398157	0.372055	0.057583
spd	0.155024	0.125643	0.015496	0.169937	0.180387	0.115265	0.198316	0.244323	0.152276	0.264737	0.228205	0.210000	0.194872	0.219339	0.072657	0.093967	0.245599	0.243914	0.113712	0.168896	0.235000	0.219340	0.080203	0.016526	0.160055	0.247564	0.128676	0.050858	0.235623	0.156896	0.176718	0.117312	0.054139	0.186738	0.071429	0.069105	0.165668	0.188127	0.094918	0.122185	0.115458	0.095000	0.085120	0.120826	0.230426	0.255199	0.182895	0.180848	0.145583	0.130305	0.154626	0.065064

aod	0.112263	0.144686	0.028198	0.145992	0.185333	0.122980	0.172160	0.245245	0.152452	0.253790	0.205150	0.222982	0.211762	0.225005	0.053848	0.102300	0.208945	0.243170	0.056155	0.166306	0.215034	0.178639	0.029004	0.050661	0.146310	0.223440	0.108535	0.038386	0.221306	0.113302	0.137194	0.135501	0.057186	0.189552	0.117676	0.073253	0.183683	0.137745	0.091316	0.115852	0.092027	0.110622	0.069785	0.117485	0.189645	0.264311	0.154514	0.178891	0.165881	0.103243	0.145374	0.062833
eod	0.098503	0.062771	0.025561	0.153661	0.160089	0.071594	0.104762	0.159320	0.065025	0.198365	0.117460	0.141304	0.124012	0.174837	0.041029	0.008108	0.120145	0.156015	0.016494	0.099638	0.187135	0.165269	0.024675	0.049864	0.089744	0.157665	0.083333	0.001772	0.077395	0.088008	0.144569	0.053053	0.032501	0.137040	0.006361	0.032669	0.102454	0.161205	0.018049	0.037260	0.107131	0.059840	0.069492	0.084970	0.109972	0.179004	0.109954	0.102013	0.088825	0.154762	0.096294	0.053455
erd	0.063383	0.004717	0.036211	0.111460	0.041897	0.020244	0.015542	0.032832	0.003925	0.078697	0.044863	0.010000	0.000000	0.067442	0.033633	0.033376	0.010650	0.034965	0.003554	0.020485	0.060000	0.099271	0.036171	0.047304	0.031464	0.080622	0.045956	0.012255	0.061759	0.049845	0.075113	0.024708	0.007107	0.021380	0.071429	0.003536	0.007746	0.121865	0.021380	0.008676	0.068399	0.000000	0.037736	0.028489	0.037803	0.027035	0.052489	0.007661	0.000858	0.096597	0.038251	0.030521
