accuracy	0.740000	0.733333	0.736667	0.716667	0.726667	0.723333	0.723333	0.796667	0.726667	0.726667	0.740000	0.720000	0.703333	0.723333	0.710000	0.723333	0.740000	0.720000	0.766667	0.766667	0.670000	0.736667	0.766667	0.720000	0.720000	0.756667	0.723333	0.740000	0.746667	0.733333	0.720000	0.736667	0.750000	0.770000	0.723333	0.723333	0.743333	0.740000	0.740000	0.733333	0.740000	0.780000	0.716667	0.743333	0.790000	0.716667	0.773333	0.703333	0.746667	0.726667	0.735867	0.022819
recall1	0.906542	0.873832	0.925373	0.832558	0.896552	0.830275	0.918782	0.894009	0.819048	0.857798	0.901478	0.831683	0.881188	0.832579	0.813725	0.846154	0.918269	0.894231	0.877451	0.855814	0.885417	0.906103	0.867580	0.878641	0.913462	0.868545	0.828054	0.923445	0.872449	0.826733	0.881188	0.863415	0.912037	0.868293	0.867647	0.815668	0.854460	0.902778	0.887755	0.932367	0.862385	0.915493	0.846890	0.871429	0.915493	0.868932	0.925234	0.832512	0.911215	0.816425	0.874588	0.034008
recall0	0.325581	0.383721	0.353535	0.423529	0.371134	0.439024	0.349515	0.542169	0.511111	0.378049	0.402062	0.489796	0.336735	0.417722	0.489583	0.445652	0.336957	0.326087	0.531250	0.541176	0.287037	0.321839	0.493827	0.372340	0.282609	0.482759	0.430380	0.318681	0.509615	0.540816	0.387755	0.463158	0.333333	0.557895	0.416667	0.481928	0.471264	0.321429	0.461538	0.290323	0.414634	0.448276	0.417582	0.444444	0.482759	0.382979	0.395349	0.432990	0.337209	0.526882	0.418054	0.075946
recall_macro	0.616062	0.628776	0.639454	0.628044	0.633843	0.634650	0.634148	0.718089	0.665079	0.617923	0.651770	0.660740	0.608961	0.625150	0.651654	0.645903	0.627613	0.610159	0.704350	0.698495	0.586227	0.613971	0.680704	0.625491	0.598035	0.675652	0.629217	0.621063	0.691032	0.683774	0.634472	0.663286	0.622685	0.713094	0.642157	0.648798	0.662862	0.612103	0.674647	0.611345	0.638510	0.681884	0.632236	0.657937	0.699126	0.625955	0.660291	0.632751	0.624212	0.671653	0.646321	0.030764
precision1	0.769841	0.779167	0.744000	0.785088	0.748971	0.797357	0.729839	0.836207	0.796296	0.785714	0.759336	0.770642	0.732510	0.800000	0.772093	0.775330	0.757937	0.750000	0.799107	0.825112	0.688259	0.765873	0.822511	0.754167	0.742188	0.804348	0.802632	0.756863	0.770270	0.787736	0.747899	0.776316	0.778656	0.809091	0.759657	0.804545	0.798246	0.773810	0.756522	0.745174	0.796610	0.802469	0.769565	0.785408	0.812500	0.755274	0.792000	0.754464	0.773810	0.793427	0.775897	0.027504
precision0	0.583333	0.550000	0.700000	0.500000	0.631579	0.493151	0.692308	0.661765	0.547619	0.500000	0.661017	0.585366	0.578947	0.471429	0.552941	0.561644	0.645833	0.576923	0.671053	0.597403	0.584906	0.583333	0.579710	0.583333	0.590909	0.600000	0.472222	0.644444	0.679487	0.602273	0.612903	0.611111	0.595745	0.662500	0.597015	0.500000	0.569444	0.562500	0.685714	0.658537	0.531250	0.684211	0.542857	0.597015	0.700000	0.571429	0.680000	0.552632	0.604167	0.563218	0.595304	0.060103
precision_macro	0.676587	0.664583	0.722000	0.642544	0.690275	0.645254	0.711073	0.748986	0.671958	0.642857	0.710177	0.678004	0.655729	0.635714	0.662517	0.668487	0.701885	0.663462	0.735080	0.711257	0.636582	0.674603	0.701110	0.668750	0.666548	0.702174	0.637427	0.700654	0.724879	0.695004	0.680401	0.693713	0.687200	0.735795	0.678336	0.652273	0.683845	0.668155	0.721118	0.701855	0.663930	0.743340	0.656211	0.691211	0.756250	0.663351	0.736000	0.653548	0.688988	0.678323	0.685600	0.031001
f1score1	0.832618	0.823789	0.824834	0.808126	0.816143	0.813483	0.813483	0.864143	0.807512	0.820175	0.824324	0.800000	0.800000	0.815965	0.792363	0.809195	0.830435	0.815789	0.836449	0.840183	0.774487	0.830108	0.844444	0.811659	0.818966	0.835214	0.815145	0.831897	0.818182	0.806763	0.809091	0.817552	0.840085	0.837647	0.810069	0.810069	0.825397	0.833333	0.816901	0.828326	0.828194	0.855263	0.806378	0.826185	0.860927	0.808126	0.853448	0.791569	0.836910	0.804762	0.821522	0.017597
f1score0	0.417910	0.452055	0.469799	0.458599	0.467532	0.464516	0.464516	0.596026	0.528736	0.430556	0.500000	0.533333	0.425806	0.442953	0.519337	0.496970	0.442857	0.416667	0.593023	0.567901	0.385093	0.414815	0.533333	0.454545	0.382353	0.535032	0.450331	0.426471	0.582418	0.569892	0.475000	0.526946	0.427481	0.605714	0.490798	0.490798	0.515723	0.409091	0.551724	0.402985	0.465753	0.541667	0.472050	0.509554	0.571429	0.458599	0.500000	0.485549	0.432836	0.544444	0.486030	0.057996
f1score_macro	0.625264	0.637922	0.647316	0.633363	0.641838	0.639000	0.639000	0.730085	0.668124	0.625365	0.662162	0.666667	0.612903	0.629459	0.655850	0.653083	0.636646	0.616228	0.714736	0.704042	0.579790	0.622461	0.688889	0.633102	0.600659	0.685123	0.632738	0.629184	0.700300	0.688328	0.642045	0.672249	0.633783	0.721681	0.650433	0.650433	0.670560	0.621212	0.684313	0.615656	0.646974	0.698465	0.639214	0.667870	0.716178	0.633363	0.676724	0.638559	0.634873	0.674603	0.653776	0.032639
roc_auc	0.616062	0.628776	0.639454	0.628044	0.633843	0.634650	0.634148	0.718089	0.665079	0.617923	0.651770	0.660740	0.608961	0.625150	0.651654	0.645903	0.627613	0.610159	0.704350	0.698495	0.586227	0.613971	0.680704	0.625491	0.598035	0.675652	0.629217	0.621063	0.691032	0.683774	0.634472	0.663286	0.622685	0.713094	0.642157	0.648798	0.662862	0.612103	0.674647	0.611345	0.638510	0.681884	0.632236	0.657937	0.699126	0.625955	0.660291	0.632751	0.624212	0.671653	0.646321	0.030764
mcc	0.286322	0.291166	0.351902	0.270199	0.319167	0.279703	0.336542	0.466052	0.336967	0.259586	0.357203	0.338303	0.260526	0.260651	0.313984	0.313578	0.321018	0.268378	0.438355	0.409554	0.217044	0.282133	0.381268	0.291043	0.255559	0.376893	0.266518	0.311716	0.414531	0.378612	0.311505	0.355701	0.303095	0.448315	0.318444	0.301051	0.346072	0.274596	0.393027	0.299837	0.301370	0.420760	0.287449	0.347559	0.451779	0.286880	0.388992	0.285543	0.306429	0.349913	0.328656	0.057706
spd	0.222800	0.251245	0.079892	0.144028	0.131902	0.170906	0.224000	0.201389	0.256980	0.342263	0.248980	0.089513	0.378833	0.196136	0.099256	0.072064	0.345394	0.092742	0.293697	0.287402	0.228942	0.213943	0.343220	0.207927	0.263761	0.302620	0.171610	0.202689	0.103911	0.203474	0.223482	0.213183	0.158665	0.363873	0.219610	0.104481	0.238698	0.452242	0.181818	0.124000	0.139518	0.250477	0.071835	0.150613	0.309423	0.325536	0.264249	0.058333	0.188799	0.243602	0.213079	0.089353

aod	0.187833	0.203113	0.060762	0.146555	0.079158	0.103933	0.162078	0.091671	0.215580	0.340894	0.205040	0.058971	0.336090	0.190413	0.074466	0.054789	0.281972	0.081297	0.217766	0.196448	0.206376	0.211972	0.358054	0.153501	0.220346	0.244470	0.146600	0.167463	0.068488	0.194525	0.225164	0.202523	0.169465	0.288455	0.226085	0.076161	0.181882	0.424692	0.136296	0.092081	0.137612	0.175342	0.056815	0.101871	0.228161	0.366176	0.204731	0.024897	0.204547	0.212987	0.179931	0.088619
eod	0.117046	0.244936	0.000639	0.222138	0.068267	0.201970	0.215584	0.151458	0.290374	0.214834	0.197303	0.077395	0.415809	0.106605	0.103137	0.078576	0.226891	0.084517	0.247126	0.289474	0.125253	0.211616	0.174441	0.236866	0.244888	0.234973	0.238076	0.094103	0.059524	0.031395	0.095349	0.179642	0.089536	0.338895	0.193122	0.119130	0.239248	0.339666	0.142972	0.050000	0.094669	0.250820	0.032428	0.099127	0.249425	0.202623	0.177578	0.010790	0.098803	0.163490	0.167450	0.090946
erd	0.098319	0.168941	0.015726	0.200527	0.109610	0.200372	0.196000	0.154762	0.163730	0.045882	0.104638	0.061176	0.224364	0.033080	0.067928	0.109723	0.128303	0.056762	0.123457	0.186580	0.041187	0.091414	0.018538	0.195798	0.201968	0.109756	0.224311	0.085191	0.038702	0.089950	0.030239	0.060429	0.021956	0.149231	0.051638	0.132007	0.157324	0.133853	0.082375	0.088000	0.037848	0.191124	0.029141	0.087917	0.156118	0.024908	0.119359	0.045833	0.007227	0.034680	0.103758	0.063058
