accuracy	0.766667	0.726667	0.710000	0.763333	0.726667	0.743333	0.693333	0.760000	0.713333	0.753333	0.713333	0.700000	0.726667	0.726667	0.713333	0.743333	0.733333	0.723333	0.730000	0.730000	0.670000	0.723333	0.766667	0.730000	0.706667	0.746667	0.766667	0.716667	0.703333	0.733333	0.706667	0.720000	0.760000	0.753333	0.703333	0.750000	0.766667	0.760000	0.666667	0.706667	0.723333	0.776667	0.726667	0.750000	0.720000	0.730000	0.750000	0.736667	0.723333	0.733333	0.730467	0.024129
recall1	0.929907	0.943925	0.950249	0.953488	0.931034	0.954128	0.949239	0.940092	0.980952	0.954128	0.970443	0.930693	0.940594	0.904977	0.921569	0.990385	0.975962	0.942308	0.980392	0.939535	0.973958	0.981221	0.922374	0.975728	0.927885	0.976526	0.941176	0.909091	0.994898	0.960396	0.950495	0.931707	0.962963	0.951220	0.921569	0.921659	0.962441	0.944444	0.969388	0.956522	0.917431	0.934272	0.933014	0.952381	0.976526	0.970874	0.957944	0.945813	0.920561	0.893720	0.948444	0.023027
recall0	0.360465	0.186047	0.222222	0.282353	0.298969	0.182927	0.203883	0.289157	0.088889	0.219512	0.175258	0.224490	0.285714	0.227848	0.270833	0.184783	0.184783	0.228261	0.197917	0.200000	0.129630	0.091954	0.345679	0.191489	0.206522	0.183908	0.278481	0.274725	0.153846	0.265306	0.204082	0.263158	0.238095	0.326316	0.239583	0.301205	0.287356	0.285714	0.096154	0.150538	0.207317	0.390805	0.252747	0.277778	0.091954	0.202128	0.232558	0.298969	0.232558	0.376344	0.231824	0.070249
recall_macro	0.645186	0.564986	0.586235	0.617921	0.615002	0.568528	0.576561	0.614624	0.534921	0.586820	0.572851	0.577591	0.613154	0.566413	0.596201	0.587584	0.580372	0.585284	0.589154	0.569767	0.551794	0.536587	0.634027	0.583609	0.567203	0.580217	0.609829	0.591908	0.574372	0.612851	0.577288	0.597433	0.600529	0.638768	0.580576	0.611432	0.624899	0.615079	0.532771	0.553530	0.562374	0.662538	0.592881	0.615079	0.534240	0.586501	0.595251	0.622391	0.576559	0.635032	0.590134	0.029099
precision1	0.783465	0.742647	0.712687	0.770677	0.735409	0.756364	0.695167	0.775665	0.715278	0.764706	0.711191	0.712121	0.730769	0.766284	0.728682	0.733096	0.730216	0.734082	0.722022	0.748148	0.665480	0.725694	0.792157	0.725632	0.725564	0.745520	0.784906	0.742188	0.689046	0.729323	0.711111	0.731801	0.764706	0.752896	0.720307	0.775194	0.767790	0.772727	0.669014	0.714801	0.754717	0.789683	0.741445	0.754717	0.724739	0.727273	0.756458	0.738462	0.749049	0.761317	0.739448	0.028293
precision0	0.673913	0.571429	0.687500	0.705882	0.674419	0.600000	0.677419	0.648649	0.666667	0.642857	0.739130	0.611111	0.700000	0.461538	0.619048	0.894737	0.772727	0.636364	0.826087	0.566667	0.736842	0.666667	0.622222	0.782609	0.558824	0.761905	0.628571	0.568182	0.941176	0.764706	0.666667	0.641026	0.714286	0.756098	0.589744	0.595238	0.757576	0.666667	0.625000	0.608696	0.485714	0.708333	0.621622	0.714286	0.615385	0.760000	0.689655	0.725000	0.540541	0.614035	0.670068	0.091062
precision_macro	0.728689	0.657038	0.700093	0.738280	0.704914	0.678182	0.686293	0.712157	0.690972	0.703782	0.725161	0.661616	0.715385	0.613911	0.673865	0.813916	0.751472	0.685223	0.774054	0.657407	0.701161	0.696181	0.707190	0.754120	0.642194	0.753712	0.706739	0.655185	0.815111	0.747015	0.688889	0.686413	0.739496	0.754497	0.655025	0.685216	0.762683	0.719697	0.647007	0.661749	0.620216	0.749008	0.681533	0.734501	0.670062	0.743636	0.723056	0.731731	0.644795	0.687676	0.704758	0.044217
f1score1	0.850427	0.831276	0.814499	0.852391	0.821739	0.843813	0.802575	0.850000	0.827309	0.848980	0.820833	0.806867	0.822511	0.829876	0.813853	0.842536	0.835391	0.825263	0.831601	0.832990	0.790698	0.834331	0.852321	0.832298	0.814346	0.845528	0.855967	0.817204	0.814196	0.829060	0.813559	0.819742	0.852459	0.840517	0.808602	0.842105	0.854167	0.850000	0.791667	0.818182	0.828157	0.855914	0.826271	0.842105	0.832000	0.831601	0.845361	0.829374	0.825996	0.822222	0.830414	0.016169
f1score0	0.469697	0.280702	0.335878	0.403361	0.414286	0.280374	0.313433	0.400000	0.156863	0.327273	0.283333	0.328358	0.405797	0.305085	0.376812	0.306306	0.298246	0.336000	0.319328	0.295652	0.220472	0.161616	0.444444	0.307692	0.301587	0.296296	0.385965	0.370370	0.264463	0.393939	0.312500	0.373134	0.357143	0.455882	0.340741	0.400000	0.416667	0.400000	0.166667	0.241379	0.290598	0.503704	0.359375	0.400000	0.160000	0.319328	0.347826	0.423358	0.325203	0.466667	0.336876	0.079667
f1score_macro	0.660062	0.555989	0.575188	0.627876	0.618012	0.562094	0.558004	0.625000	0.492086	0.588126	0.552083	0.567613	0.614154	0.567480	0.595332	0.574421	0.566818	0.580632	0.575464	0.564321	0.505585	0.497974	0.648383	0.569995	0.557967	0.570912	0.620966	0.593787	0.539330	0.611500	0.563030	0.596438	0.604801	0.648200	0.574671	0.621053	0.635417	0.625000	0.479167	0.529781	0.559378	0.679809	0.592823	0.621053	0.496000	0.575464	0.596593	0.626366	0.575600	0.644444	0.583645	0.044052
roc_auc	0.645186	0.564986	0.586235	0.617921	0.615002	0.568528	0.576561	0.614624	0.534921	0.586820	0.572851	0.577591	0.613154	0.566413	0.596201	0.587584	0.580372	0.585284	0.589154	0.569767	0.551794	0.536587	0.634027	0.583609	0.567203	0.580217	0.609829	0.591908	0.574372	0.612851	0.577288	0.597433	0.600529	0.638768	0.580576	0.611432	0.624899	0.615079	0.532771	0.553530	0.562374	0.662538	0.592881	0.615079	0.534240	0.586501	0.595251	0.622391	0.576559	0.635032	0.590134	0.029099
mcc	0.364430	0.202042	0.262718	0.335250	0.307021	0.221001	0.238854	0.311887	0.163326	0.266025	0.256149	0.223965	0.312229	0.173956	0.258658	0.331626	0.284333	0.251369	0.312622	0.209589	0.204146	0.169443	0.333280	0.291525	0.195508	0.285321	0.301369	0.238853	0.306173	0.333921	0.241652	0.269538	0.310331	0.375851	0.223529	0.287325	0.362264	0.318010	0.138817	0.186101	0.173186	0.402360	0.259699	0.328550	0.152616	0.290343	0.291523	0.336819	0.210575	0.318385	0.268481	0.062851
spd	0.030220	0.044811	0.024069	0.041013	0.001473	0.002582	0.048729	0.024897	0.002355	0.056686	0.023680	0.030000	0.014652	0.021177	0.010783	0.045956	0.053901	0.078711	0.016513	0.012542	0.010000	0.039880	0.072392	0.034187	0.010397	0.092177	0.003064	0.029412	0.056277	0.058152	0.026492	0.009106	0.009197	0.017868	0.042857	0.019398	0.005268	0.062082	0.015699	0.074262	0.017784	0.060000	0.078045	0.006124	0.009909	0.081699	0.011193	0.071135	0.114923	0.030513	0.035085	0.027223

aod	0.064234	0.036061	0.027478	0.088752	0.019074	0.029302	0.059013	0.048405	0.028059	0.074702	0.035047	0.019682	0.042538	0.016409	0.021109	0.040293	0.105942	0.057143	0.050357	0.008644	0.017524	0.033317	0.043429	0.068407	0.028876	0.067291	0.029616	0.014190	0.059670	0.031260	0.061193	0.057705	0.016179	0.021696	0.053063	0.044958	0.047887	0.021847	0.035830	0.076184	0.018663	0.087579	0.107311	0.035578	0.002830	0.095825	0.014352	0.117622	0.121073	0.117108	0.048406	0.030675
eod	0.031905	0.061039	0.002773	0.025010	0.011706	0.021518	0.014422	0.037719	0.027778	0.086324	0.026190	0.035779	0.023047	0.011438	0.008884	0.009910	0.005870	0.067669	0.026490	0.007132	0.012865	0.024458	0.064635	0.009493	0.019231	0.069222	0.039744	0.010523	0.006711	0.023047	0.055039	0.023102	0.008966	0.022558	0.019991	0.035827	0.013318	0.043694	0.006311	0.035408	0.002985	0.008492	0.046102	0.004490	0.002820	0.024026	0.006713	0.022264	0.095253	0.038095	0.026760	0.021795
erd	0.128532	0.079545	0.003035	0.093995	0.022650	0.013530	0.037559	0.091929	0.061617	0.144429	0.154955	0.060000	0.010256	0.037885	0.073427	0.055712	0.180396	0.107629	0.127926	0.065217	0.105000	0.123070	0.125877	0.040591	0.083174	0.151020	0.024510	0.058211	0.044865	0.090436	0.135889	0.065179	0.014423	0.043586	0.004762	0.068196	0.063004	0.124164	0.087792	0.068581	0.024350	0.035000	0.047384	0.059907	0.135403	0.006833	0.089654	0.108618	0.042667	0.100112	0.074450	0.044437
