accuracy	0.839979	0.846613	0.841380	0.845213	0.847645	0.848530	0.847866	0.847129	0.846687	0.847498	0.845876	0.845360	0.849856	0.842485	0.846687	0.849856	0.849488	0.850372	0.849193	0.845876	0.848530	0.845139	0.843370	0.842928	0.844770	0.849340	0.849193	0.849930	0.850962	0.844844	0.850593	0.847498	0.845139	0.846834	0.849267	0.846097	0.845876	0.846097	0.844992	0.845581	0.847571	0.845876	0.849930	0.848972	0.848677	0.846687	0.849414	0.845139	0.847055	0.845360	0.846905	0.002414
recall1	0.582482	0.610370	0.591914	0.601901	0.612141	0.595331	0.602032	0.589238	0.605168	0.590691	0.593529	0.597874	0.609003	0.597507	0.595422	0.594151	0.602449	0.598988	0.610529	0.595694	0.594611	0.586924	0.592082	0.588571	0.598945	0.599941	0.607024	0.606377	0.607281	0.601874	0.597042	0.606152	0.583107	0.606938	0.614690	0.577909	0.585991	0.615407	0.585680	0.576302	0.603639	0.595019	0.599218	0.606513	0.617940	0.595411	0.596664	0.583800	0.591807	0.585856	0.597703	0.009734
recall0	0.926937	0.924843	0.926054	0.925498	0.924680	0.931254	0.928376	0.933405	0.925188	0.931034	0.930265	0.927701	0.930370	0.923416	0.929531	0.933731	0.930424	0.933092	0.927230	0.927712	0.931456	0.930308	0.925242	0.925503	0.927334	0.932972	0.927124	0.929977	0.930893	0.926608	0.932514	0.925568	0.929867	0.924405	0.925329	0.935608	0.931257	0.924063	0.929612	0.933594	0.927648	0.928880	0.931354	0.928376	0.923167	0.927840	0.932517	0.932363	0.932180	0.933373	0.928953	0.003174
recall_macro	0.754710	0.767607	0.758984	0.763699	0.768410	0.763292	0.765204	0.761322	0.765178	0.760863	0.761897	0.762788	0.769686	0.760462	0.762476	0.763941	0.766436	0.766040	0.768880	0.761703	0.763033	0.758616	0.758662	0.757037	0.763139	0.766457	0.767074	0.768177	0.769087	0.764241	0.764778	0.765860	0.756487	0.765672	0.770010	0.756758	0.758624	0.769735	0.757646	0.754948	0.765643	0.761950	0.765286	0.767445	0.770554	0.761625	0.764590	0.758082	0.761993	0.759614	0.763328	0.004157
precision1	0.729167	0.728946	0.730963	0.727207	0.726660	0.738856	0.733527	0.747482	0.724460	0.735877	0.740007	0.733430	0.745140	0.720472	0.735856	0.746252	0.739370	0.746568	0.732855	0.729403	0.739114	0.735294	0.720701	0.719485	0.734628	0.750092	0.728296	0.740000	0.742430	0.734024	0.740824	0.724847	0.728884	0.721923	0.727467	0.749713	0.736882	0.732546	0.730841	0.739347	0.732537	0.734627	0.739243	0.734975	0.721948	0.727139	0.744056	0.742322	0.744255	0.748884	0.734796	0.008134
precision0	0.867972	0.877572	0.869888	0.875707	0.879349	0.875678	0.876895	0.871670	0.878187	0.874885	0.872509	0.873959	0.876819	0.874130	0.874504	0.875218	0.877203	0.876104	0.879243	0.875231	0.875551	0.872254	0.874400	0.873882	0.873169	0.874285	0.879970	0.877877	0.878441	0.873676	0.877489	0.879007	0.873385	0.879128	0.881041	0.869132	0.872557	0.876684	0.873026	0.870826	0.876990	0.873927	0.877380	0.878112	0.882139	0.876555	0.875494	0.870331	0.872573	0.869198	0.875224	0.003157
precision_macro	0.798569	0.803259	0.800425	0.801457	0.803004	0.807267	0.805211	0.809576	0.801324	0.805381	0.806258	0.803694	0.810980	0.797301	0.805180	0.810735	0.808286	0.811336	0.806049	0.802317	0.807333	0.803774	0.797550	0.796684	0.803898	0.812188	0.804133	0.808939	0.810435	0.803850	0.809157	0.801927	0.801135	0.800526	0.804254	0.809423	0.804719	0.804615	0.801934	0.805087	0.804764	0.804277	0.808312	0.806543	0.802043	0.801847	0.809775	0.806327	0.808414	0.809041	0.805010	0.003796
f1score1	0.647622	0.664409	0.654131	0.658648	0.664503	0.659373	0.661306	0.658994	0.659463	0.655339	0.658724	0.658751	0.670228	0.653253	0.658232	0.661572	0.663924	0.664685	0.666123	0.655802	0.659034	0.652785	0.650091	0.647477	0.659884	0.666667	0.662153	0.666557	0.668089	0.661412	0.661207	0.660207	0.647897	0.659456	0.666340	0.652695	0.652831	0.668887	0.650258	0.647722	0.661871	0.657494	0.661906	0.664593	0.665907	0.654714	0.662258	0.653586	0.659333	0.657413	0.659116	0.005836
f1score0	0.896486	0.900588	0.897093	0.899914	0.901445	0.902611	0.901901	0.901482	0.901075	0.902087	0.900462	0.900029	0.902801	0.898097	0.901178	0.903528	0.903030	0.903700	0.902599	0.900708	0.902639	0.900346	0.899103	0.898952	0.899437	0.902676	0.902932	0.903177	0.903906	0.899364	0.904165	0.901687	0.900742	0.901198	0.902642	0.901146	0.900952	0.899750	0.900431	0.901119	0.901608	0.900566	0.903562	0.902545	0.902187	0.901468	0.903106	0.900280	0.901392	0.900143	0.901281	0.001670
f1score_macro	0.772054	0.782498	0.775612	0.779281	0.782974	0.780992	0.781604	0.780238	0.780269	0.778713	0.779593	0.779390	0.786515	0.775675	0.779705	0.782550	0.783477	0.784192	0.784361	0.778255	0.780837	0.776565	0.774597	0.773215	0.779660	0.784671	0.782543	0.784867	0.785998	0.780388	0.782686	0.780947	0.774319	0.780327	0.784491	0.776920	0.776891	0.784319	0.775344	0.774420	0.781739	0.779030	0.782734	0.783569	0.784047	0.778091	0.782682	0.776933	0.780363	0.778778	0.780198	0.003496
roc_auc	0.754710	0.767607	0.758984	0.763699	0.768410	0.763292	0.765204	0.761322	0.765178	0.760863	0.761897	0.762788	0.769686	0.760462	0.762476	0.763941	0.766436	0.766040	0.768880	0.761703	0.763033	0.758616	0.758662	0.757037	0.763139	0.766457	0.767074	0.768177	0.769087	0.764241	0.764778	0.765860	0.756487	0.765672	0.770010	0.756758	0.758624	0.769735	0.757646	0.754948	0.765643	0.761950	0.765286	0.767445	0.770554	0.761625	0.764590	0.758082	0.761993	0.759614	0.763328	0.004157
mcc	0.551538	0.569751	0.557872	0.563894	0.570366	0.568862	0.569010	0.568855	0.565347	0.564491	0.566421	0.565003	0.579196	0.556545	0.566048	0.572768	0.573197	0.575596	0.573726	0.562556	0.568643	0.560574	0.554851	0.552300	0.565571	0.576835	0.570004	0.575674	0.578045	0.566708	0.572216	0.566640	0.555831	0.565123	0.573242	0.563726	0.561455	0.573290	0.557824	0.557786	0.569064	0.564642	0.571982	0.572655	0.571731	0.562035	0.572586	0.562342	0.568516	0.566503	0.566789	0.006587
spd	0.186064	0.186717	0.194840	0.180472	0.198195	0.184079	0.185508	0.173748	0.189043	0.187724	0.188738	0.189180	0.189458	0.185377	0.180759	0.173461	0.186069	0.177978	0.195333	0.183370	0.187950	0.186939	0.185297	0.179491	0.187691	0.185055	0.182408	0.178483	0.183459	0.199939	0.176158	0.189645	0.171521	0.195627	0.189152	0.180385	0.172204	0.190928	0.181618	0.188710	0.187359	0.186400	0.180452	0.190957	0.196523	0.181772	0.178507	0.181458	0.177425	0.176238	0.184917	0.006613

aod	0.104643	0.090414	0.107861	0.080553	0.108610	0.098732	0.091755	0.086118	0.094396	0.098560	0.099083	0.091368	0.102827	0.088155	0.089776	0.080339	0.095652	0.090194	0.100235	0.096402	0.122646	0.101490	0.094653	0.090028	0.091148	0.088090	0.090398	0.075361	0.082939	0.111274	0.062966	0.105620	0.047693	0.112982	0.106768	0.095794	0.094836	0.083065	0.105940	0.121091	0.090763	0.085683	0.079938	0.099625	0.110569	0.086347	0.084149	0.089761	0.075322	0.098845	0.093629	0.013296
eod	0.126775	0.098262	0.128613	0.079764	0.126287	0.121516	0.101238	0.100896	0.101628	0.115784	0.114188	0.098590	0.132061	0.087848	0.098397	0.088857	0.108578	0.107460	0.115965	0.110688	0.171427	0.119826	0.107191	0.096079	0.100249	0.103182	0.098038	0.077510	0.088069	0.134378	0.050735	0.124240	0.019336	0.140964	0.131934	0.115874	0.121092	0.079613	0.132207	0.158387	0.106460	0.090212	0.079846	0.117385	0.135183	0.090875	0.094497	0.098075	0.073804	0.127113	0.106944	0.025202
erd	0.115899	0.114405	0.120320	0.117411	0.118276	0.111453	0.116835	0.108450	0.119232	0.118924	0.117535	0.121597	0.107322	0.121718	0.114943	0.111175	0.114590	0.108241	0.118384	0.114258	0.101881	0.117660	0.118031	0.117584	0.118856	0.114441	0.113390	0.113635	0.115775	0.119812	0.122591	0.113276	0.131743	0.113521	0.107678	0.115422	0.103648	0.121367	0.110035	0.112710	0.115121	0.122185	0.119140	0.115135	0.112391	0.118710	0.113175	0.119388	0.119210	0.103907	0.115448	0.005370
