accuracy	0.798260	0.800914	0.807990	0.797081	0.804378	0.805852	0.798113	0.802241	0.797302	0.803789	0.799514	0.803862	0.803199	0.802904	0.797597	0.803199	0.800177	0.809317	0.803567	0.798408	0.804010	0.795533	0.798113	0.799366	0.802757	0.799514	0.801577	0.796418	0.802462	0.799808	0.799440	0.803862	0.798998	0.795238	0.803936	0.804010	0.801798	0.791774	0.804821	0.798555	0.803346	0.802093	0.798998	0.804747	0.803125	0.802314	0.804010	0.798703	0.804378	0.798776	0.801203	0.003371
recall1	0.487883	0.511111	0.518325	0.474450	0.506878	0.500150	0.476845	0.463099	0.495793	0.501802	0.477647	0.509300	0.512504	0.491541	0.460761	0.491495	0.470430	0.517416	0.491475	0.464115	0.484132	0.460921	0.471806	0.466466	0.489299	0.450543	0.485014	0.457390	0.482543	0.478044	0.442499	0.484620	0.484465	0.457919	0.503913	0.482180	0.477496	0.434199	0.478730	0.476062	0.498360	0.513489	0.468431	0.514192	0.498641	0.477355	0.468275	0.457732	0.483938	0.459546	0.482224	0.019905
recall0	0.903076	0.896880	0.906309	0.903539	0.901692	0.905730	0.903327	0.915699	0.895302	0.902022	0.907151	0.901866	0.900374	0.905766	0.908654	0.905442	0.908210	0.905368	0.905614	0.907757	0.908478	0.905901	0.904427	0.907440	0.908035	0.916535	0.903449	0.907844	0.907400	0.908088	0.914765	0.907131	0.900702	0.904311	0.901220	0.911424	0.908343	0.912623	0.911233	0.903961	0.903466	0.897587	0.906357	0.899902	0.901424	0.907265	0.914398	0.912505	0.911244	0.913829	0.906221	0.004763
recall_macro	0.695480	0.703996	0.712317	0.688995	0.704285	0.702940	0.690086	0.689399	0.695548	0.701912	0.692399	0.705583	0.706439	0.698653	0.684708	0.698469	0.689320	0.711392	0.698544	0.685936	0.696305	0.683411	0.688116	0.686953	0.698667	0.683539	0.694231	0.682617	0.694971	0.693066	0.678632	0.695876	0.692583	0.681115	0.702567	0.696802	0.692920	0.673411	0.694981	0.690012	0.700913	0.705538	0.687394	0.707047	0.700032	0.692310	0.691336	0.685118	0.697591	0.686687	0.694223	0.008436
precision1	0.629616	0.621398	0.652508	0.618752	0.627778	0.634156	0.617647	0.647615	0.606172	0.624907	0.632399	0.633260	0.632305	0.632786	0.624496	0.630310	0.626741	0.642751	0.629985	0.622044	0.633373	0.617682	0.616621	0.620648	0.641183	0.644146	0.617817	0.619952	0.630901	0.636399	0.626496	0.627980	0.612043	0.607443	0.623232	0.644996	0.631206	0.626790	0.637670	0.618344	0.628905	0.623919	0.618991	0.627187	0.620210	0.624408	0.642682	0.635843	0.645187	0.643964	0.628677	0.010277
precision0	0.839274	0.847095	0.847176	0.838977	0.848256	0.847237	0.840572	0.836013	0.845274	0.847700	0.838531	0.846721	0.846744	0.843562	0.836355	0.844440	0.839606	0.850778	0.844876	0.838150	0.843563	0.835926	0.840142	0.839718	0.841116	0.832618	0.844997	0.835813	0.842421	0.837924	0.835486	0.844749	0.843827	0.837640	0.848543	0.840602	0.841055	0.826767	0.842691	0.840731	0.845830	0.847929	0.840000	0.849764	0.847776	0.843135	0.839493	0.834487	0.841136	0.832928	0.841723	0.005027
precision_macro	0.734445	0.734246	0.749842	0.728865	0.738017	0.740697	0.729109	0.741814	0.725723	0.736303	0.735465	0.739991	0.739525	0.738174	0.730426	0.737375	0.733173	0.746765	0.737431	0.730097	0.738468	0.726804	0.728381	0.730183	0.741150	0.738382	0.731407	0.727882	0.736661	0.737161	0.730991	0.736364	0.727935	0.722542	0.735887	0.742799	0.736131	0.726778	0.740180	0.729538	0.737367	0.735924	0.729495	0.738475	0.733993	0.733772	0.741087	0.735165	0.743161	0.738446	0.735200	0.005594
f1score1	0.549761	0.560884	0.577727	0.537078	0.560887	0.559237	0.538189	0.540031	0.545455	0.556629	0.544236	0.564556	0.566136	0.553291	0.530277	0.552314	0.537451	0.573314	0.552176	0.531598	0.548787	0.527910	0.534579	0.532624	0.555038	0.530225	0.543419	0.526406	0.546838	0.545971	0.518663	0.547064	0.540832	0.522188	0.557257	0.551829	0.543696	0.513015	0.546886	0.537954	0.556073	0.563344	0.533288	0.565096	0.552821	0.541068	0.541789	0.532283	0.553048	0.536345	0.545551	0.013750
f1score0	0.870007	0.871277	0.875745	0.870062	0.874158	0.875508	0.870820	0.874043	0.869569	0.874018	0.871492	0.873424	0.872736	0.873558	0.871007	0.873878	0.872561	0.877225	0.874192	0.871566	0.874818	0.869508	0.871100	0.872267	0.873295	0.872564	0.873246	0.870341	0.873704	0.871596	0.873330	0.874829	0.871338	0.869700	0.874089	0.874581	0.873405	0.867576	0.875622	0.871200	0.873698	0.872051	0.871918	0.874115	0.873777	0.874025	0.875346	0.871754	0.874788	0.871505	0.872759	0.001942
f1score_macro	0.709884	0.716081	0.726736	0.703570	0.717523	0.717373	0.704505	0.707037	0.707512	0.715323	0.707864	0.718990	0.719436	0.713424	0.700642	0.713096	0.705006	0.725269	0.713184	0.701582	0.711802	0.698709	0.702840	0.702445	0.714167	0.701394	0.708333	0.698373	0.710271	0.708784	0.695996	0.710947	0.706085	0.695944	0.715673	0.713205	0.708551	0.690296	0.711254	0.704577	0.714886	0.717698	0.702603	0.719605	0.713299	0.707547	0.708567	0.702018	0.713918	0.703925	0.709155	0.007534
roc_auc	0.695480	0.703996	0.712317	0.688995	0.704285	0.702940	0.690086	0.689399	0.695548	0.701912	0.692399	0.705583	0.706439	0.698653	0.684708	0.698469	0.689320	0.711392	0.698544	0.685936	0.696305	0.683411	0.688116	0.686953	0.698667	0.683539	0.694231	0.682617	0.694971	0.693066	0.678632	0.695876	0.692583	0.681115	0.702567	0.696802	0.692920	0.673411	0.694981	0.690012	0.700913	0.705538	0.687394	0.707047	0.700032	0.692310	0.691336	0.685118	0.697591	0.686687	0.694223	0.008436
mcc	0.428155	0.437196	0.460633	0.415953	0.441014	0.442027	0.417375	0.428016	0.420189	0.436864	0.425691	0.444244	0.444734	0.435035	0.412608	0.434104	0.420211	0.456789	0.434237	0.413683	0.432723	0.407914	0.414547	0.414890	0.437760	0.418342	0.424012	0.407996	0.429614	0.427962	0.406263	0.430339	0.419030	0.401525	0.437186	0.437188	0.426869	0.396615	0.432808	0.417683	0.436761	0.440415	0.414758	0.444413	0.432695	0.424059	0.429552	0.417293	0.438390	0.421971	0.427407	0.013271
spd	0.106075	0.070481	0.090832	0.092828	0.114725	0.118613	0.109196	0.107518	0.104781	0.088958	0.111843	0.106643	0.088909	0.106684	0.098356	0.081154	0.090932	0.075119	0.106218	0.104935	0.112819	0.113772	0.090837	0.101246	0.108245	0.105370	0.098498	0.111963	0.103076	0.114928	0.088793	0.108487	0.091932	0.098828	0.122717	0.113462	0.109608	0.115629	0.108679	0.083658	0.076995	0.078628	0.100377	0.092987	0.080046	0.109223	0.111115	0.091870	0.089518	0.105346	0.100269	0.012462

aod	0.101505	0.041118	0.089234	0.101241	0.120173	0.134852	0.113829	0.114452	0.125118	0.079660	0.112361	0.100190	0.084594	0.120825	0.101542	0.081541	0.094332	0.054230	0.114490	0.131340	0.117241	0.135930	0.080603	0.109266	0.109845	0.125052	0.105197	0.134928	0.107756	0.134941	0.086462	0.135300	0.079180	0.089093	0.140221	0.125873	0.120407	0.137613	0.125169	0.074749	0.055622	0.060957	0.116864	0.083189	0.057575	0.124061	0.130707	0.090945	0.075704	0.108712	0.103916	0.024971
eod	0.158715	0.060320	0.154723	0.170786	0.196949	0.221062	0.177163	0.183006	0.213877	0.126479	0.171674	0.159521	0.141542	0.200147	0.164330	0.137846	0.159018	0.087437	0.188248	0.224901	0.182851	0.221659	0.126742	0.179466	0.176414	0.212901	0.173968	0.227878	0.174803	0.224423	0.139968	0.234013	0.113003	0.133319	0.227195	0.202561	0.189211	0.226474	0.213040	0.123916	0.085534	0.101042	0.202637	0.136326	0.085981	0.207490	0.217381	0.149845	0.121947	0.174426	0.169683	0.043580
erd	0.055883	0.047855	0.033472	0.039382	0.052050	0.044406	0.053277	0.051592	0.033212	0.045895	0.057110	0.053622	0.037482	0.037745	0.051857	0.033782	0.044777	0.042063	0.045749	0.032448	0.053788	0.041363	0.056528	0.049474	0.050834	0.042368	0.044273	0.047402	0.048192	0.040424	0.056716	0.032802	0.055262	0.066210	0.046273	0.045071	0.044950	0.052317	0.045738	0.049523	0.048626	0.042358	0.044179	0.046123	0.052296	0.048293	0.042463	0.051623	0.053880	0.054751	0.046955	0.007240
