accuracy	0.832807	0.827753	0.829648	0.824805	0.849021	0.831754	0.840598	0.828174	0.821436	0.830280	0.831543	0.831543	0.827121	0.825437	0.835544	0.830069	0.823331	0.833649	0.836176	0.827964	0.839545	0.825016	0.833017	0.822700	0.823542	0.825226	0.834702	0.838492	0.829859	0.833017	0.831333	0.832386	0.843757	0.839124	0.822700	0.821226	0.829648	0.831122	0.823331	0.829648	0.819120	0.835965	0.828174	0.825648	0.837861	0.842493	0.826911	0.829859	0.833017	0.831543	0.830773	0.006239
recall1	0.001259	0.000000	0.001235	0.000000	0.173967	0.002497	0.110546	0.000000	0.002358	0.000000	0.000000	0.059394	0.003650	0.001208	0.001279	0.000000	0.025974	0.000000	0.025445	0.037621	0.084703	0.002410	0.001259	0.005924	0.002387	0.012019	0.017588	0.104271	0.000000	0.059701	0.055893	0.052239	0.087291	0.052097	0.003567	0.016336	0.060197	0.012484	0.055427	0.001235	0.000000	0.000000	0.007335	0.000000	0.000000	0.033987	0.000000	0.000000	0.104442	0.046512	0.026515	0.038300
recall0	0.999747	1.000000	1.000000	0.999745	0.985570	1.000000	0.985613	1.000000	0.999487	1.000000	0.999747	0.993884	0.999491	0.999490	1.000000	1.000000	0.996412	1.000000	0.996972	0.993885	0.990399	0.999234	1.000000	0.999232	0.999489	0.997958	0.999241	0.986339	1.000000	0.990621	0.993887	0.991381	0.992191	0.995457	0.998976	0.998458	0.988818	0.997214	0.994592	1.000000	1.000000	1.000000	0.998982	1.000000	1.000000	0.997741	1.000000	1.000000	0.987998	0.994659	0.996858	0.004312
recall_macro	0.500503	0.500000	0.500617	0.499872	0.579769	0.501248	0.548080	0.500000	0.500923	0.500000	0.499873	0.526639	0.501570	0.500349	0.500639	0.500000	0.511193	0.500000	0.511209	0.515753	0.537551	0.500822	0.500630	0.502578	0.500938	0.504988	0.508415	0.545305	0.500000	0.525161	0.524890	0.521810	0.539741	0.523777	0.501272	0.507397	0.524507	0.504849	0.525010	0.500617	0.500000	0.500000	0.503159	0.500000	0.500000	0.515864	0.500000	0.500000	0.546220	0.520585	0.511687	0.017105
precision1	0.500000	0.000000	1.000000	0.000000	0.709184	1.000000	0.604167	0.000000	0.500000	0.000000	0.000000	0.671233	0.600000	0.333333	1.000000	0.000000	0.611111	0.000000	0.625000	0.563636	0.638095	0.400000	1.000000	0.625000	0.500000	0.555556	0.823529	0.605839	0.000000	0.564706	0.657143	0.552632	0.686869	0.694915	0.428571	0.700000	0.526882	0.476190	0.695652	1.000000	0.000000	0.000000	0.600000	0.000000	0.000000	0.742857	0.000000	0.000000	0.649254	0.644068	0.469708	0.326274
precision0	0.832947	0.827753	0.829612	0.824979	0.855041	0.831683	0.847991	0.828174	0.821707	0.830280	0.831719	0.834046	0.827361	0.825748	0.835510	0.830069	0.824952	0.833649	0.837609	0.831061	0.844100	0.825464	0.832982	0.823033	0.823815	0.826252	0.834742	0.845403	0.829859	0.837907	0.833939	0.836936	0.847097	0.840938	0.823281	0.821738	0.835696	0.832699	0.825214	0.829612	0.819120	0.835965	0.828656	0.825648	0.837861	0.843233	0.826911	0.829859	0.838353	0.833902	0.832242	0.007477
precision_macro	0.666474	0.413877	0.914806	0.412489	0.782112	0.915842	0.726079	0.414087	0.660854	0.415140	0.415859	0.752640	0.713680	0.579541	0.917755	0.415035	0.718032	0.416825	0.731304	0.697349	0.741098	0.612732	0.916491	0.724017	0.661907	0.690904	0.829136	0.725621	0.414929	0.701307	0.745541	0.694784	0.766983	0.767927	0.625926	0.760869	0.681289	0.654445	0.760433	0.914806	0.409560	0.417983	0.714328	0.412824	0.418930	0.793045	0.413455	0.414929	0.743803	0.738985	0.650975	0.164251
f1score1	0.002513	0.000000	0.002466	0.000000	0.279397	0.004981	0.186896	0.000000	0.004695	0.000000	0.000000	0.109131	0.007255	0.002407	0.002554	0.000000	0.049830	0.000000	0.048900	0.070535	0.149554	0.004790	0.002516	0.011737	0.004751	0.023529	0.034440	0.177921	0.000000	0.107987	0.103024	0.095455	0.154897	0.096927	0.007075	0.031927	0.108049	0.024331	0.102674	0.002466	0.000000	0.000000	0.014493	0.000000	0.000000	0.065000	0.000000	0.000000	0.179938	0.086758	0.047236	0.065156
f1score0	0.908757	0.905760	0.906872	0.903993	0.915677	0.908108	0.911638	0.906012	0.901920	0.907271	0.908025	0.906977	0.905317	0.904350	0.910384	0.907145	0.902612	0.909279	0.910369	0.905209	0.911416	0.904075	0.908882	0.902614	0.903189	0.904024	0.909614	0.910450	0.907020	0.907887	0.906915	0.907635	0.913921	0.911697	0.902659	0.901520	0.905832	0.907561	0.902020	0.906872	0.900567	0.910655	0.905882	0.904498	0.911778	0.914003	0.905256	0.907020	0.907045	0.907214	0.907108	0.003394
f1score_macro	0.455635	0.452880	0.454669	0.451996	0.597537	0.456545	0.549267	0.453006	0.453307	0.453636	0.454012	0.508054	0.456286	0.453378	0.456469	0.453573	0.476221	0.454639	0.479634	0.487872	0.530485	0.454433	0.455699	0.457176	0.453970	0.463777	0.472027	0.544185	0.453510	0.507937	0.504969	0.501545	0.534409	0.504312	0.454867	0.466723	0.506940	0.465946	0.502347	0.454669	0.450284	0.455327	0.460188	0.452249	0.455889	0.489502	0.452628	0.453510	0.543491	0.496986	0.477172	0.033433
roc_auc	0.500503	0.500000	0.500617	0.499872	0.579769	0.501248	0.548080	0.500000	0.500923	0.500000	0.499873	0.526639	0.501570	0.500349	0.500639	0.500000	0.511193	0.500000	0.511209	0.515753	0.537551	0.500822	0.500630	0.502578	0.500938	0.504988	0.508415	0.545305	0.500000	0.525161	0.524890	0.521810	0.539741	0.523777	0.501272	0.507397	0.524507	0.504849	0.525010	0.500617	0.500000	0.500000	0.503159	0.500000	0.500000	0.515864	0.500000	0.500000	0.546220	0.520585	0.511687	0.017105
mcc	0.018307	0.000000	0.032003	-0.006684	0.300024	0.045570	0.208517	0.000000	0.024368	0.000000	-0.006527	0.164074	0.036634	0.010535	0.032687	0.000000	0.098802	0.000000	0.101835	0.111515	0.190299	0.019253	0.032390	0.048063	0.024642	0.061719	0.105252	0.202207	0.000000	0.142339	0.156352	0.130357	0.206012	0.159630	0.025311	0.087857	0.133310	0.054733	0.161410	0.032003	0.000000	0.000000	0.052038	0.000000	0.000000	0.136365	0.000000	0.000000	0.212307	0.140280	0.073716	0.076958
spd	0.000265	0.000000	0.000586	0.000580	0.011720	0.000661	0.020439	0.000000	0.001299	0.000000	0.000591	0.005054	0.001663	0.000042	0.000331	0.000000	0.000457	0.000000	0.002288	0.000126	0.016772	0.001058	0.000325	0.002630	0.000406	0.004179	0.001731	0.014200	0.000000	0.000212	0.007493	0.006249	0.012111	0.001263	0.000523	0.001874	0.005623	0.001416	0.003024	0.000328	0.000000	0.000000	0.003037	0.000000	0.000000	0.002852	0.000000	0.000000	0.006214	0.003982	0.002872	0.004590

aod	0.001413	0.000000	0.001163	0.000394	0.030784	0.002681	0.008700	0.000000	0.002867	0.000000	0.000392	0.004991	0.004349	0.001545	0.001337	0.000000	0.004990	0.000000	0.014455	0.008583	0.008915	0.000730	0.001289	0.006833	0.000607	0.005699	0.008134	0.007688	0.000000	0.019218	0.004582	0.010287	0.001220	0.011233	0.001723	0.008131	0.001572	0.001082	0.012163	0.001305	0.000000	0.000000	0.002900	0.000000	0.000000	0.013279	0.000000	0.000000	0.029992	0.023433	0.005413	0.007347
eod	0.002451	0.000000	0.002326	0.000000	0.056137	0.005362	0.009760	0.000000	0.004988	0.000000	0.000000	0.009805	0.007937	0.002347	0.002674	0.000000	0.009506	0.000000	0.028799	0.016200	0.012283	0.000303	0.002577	0.012531	0.000460	0.006215	0.015164	0.011159	0.000000	0.037421	0.006405	0.015450	0.000964	0.021658	0.003075	0.015204	0.002705	0.001596	0.022863	0.002611	0.000000	0.000000	0.003869	0.000000	0.000000	0.023143	0.000000	0.000000	0.053978	0.045881	0.009516	0.013671
erd	0.114316	0.130417	0.126400	0.140920	0.103608	0.126170	0.119331	0.121768	0.137630	0.124769	0.121354	0.120371	0.129505	0.126420	0.111933	0.118658	0.118412	0.120580	0.125616	0.121349	0.125011	0.124555	0.117424	0.130185	0.141611	0.133856	0.116161	0.130708	0.122412	0.123049	0.126562	0.113732	0.127908	0.119240	0.135674	0.131763	0.122663	0.128804	0.126129	0.125324	0.143698	0.133350	0.125940	0.137997	0.134121	0.130768	0.121008	0.124276	0.128484	0.129671	0.125832	0.007795
