accuracy	0.676667	0.683333	0.650000	0.673333	0.670000	0.653333	0.636667	0.650000	0.643333	0.660000	0.626667	0.663333	0.640000	0.696667	0.630000	0.616667	0.676667	0.676667	0.673333	0.676667	0.610000	0.726667	0.690000	0.656667	0.650000	0.683333	0.663333	0.666667	0.650000	0.626667	0.640000	0.676667	0.693333	0.666667	0.646667	0.716667	0.650000	0.716667	0.636667	0.643333	0.693333	0.656667	0.676667	0.650000	0.713333	0.656667	0.680000	0.620000	0.643333	0.660000	0.662667	0.026162
recall1	0.831776	0.864486	0.920398	0.841860	0.886700	0.825688	0.893401	0.820276	0.857143	0.853211	0.866995	0.851485	0.846535	0.859729	0.852941	0.817308	0.894231	0.870192	0.906863	0.860465	0.848958	0.882629	0.867580	0.839806	0.826923	0.840376	0.841629	0.861244	0.903061	0.876238	0.856436	0.912195	0.888889	0.863415	0.872549	0.889401	0.873239	0.912037	0.903061	0.855072	0.857798	0.849765	0.861244	0.819048	0.910798	0.859223	0.850467	0.871921	0.822430	0.850242	0.863787	0.026410
recall0	0.290698	0.232558	0.101010	0.247059	0.216495	0.195122	0.145631	0.204819	0.144444	0.146341	0.123711	0.275510	0.214286	0.240506	0.156250	0.163043	0.184783	0.239130	0.177083	0.211765	0.185185	0.344828	0.209877	0.255319	0.250000	0.298851	0.164557	0.219780	0.173077	0.112245	0.193878	0.168421	0.190476	0.242105	0.166667	0.265060	0.103448	0.214286	0.134615	0.172043	0.256098	0.183908	0.252747	0.255556	0.229885	0.212766	0.255814	0.092784	0.197674	0.236559	0.202975	0.053847
recall_macro	0.561237	0.548522	0.510704	0.544460	0.551597	0.510405	0.519516	0.512548	0.500794	0.499776	0.495353	0.563498	0.530410	0.550117	0.504596	0.490176	0.539507	0.554661	0.541973	0.536115	0.517072	0.613728	0.538728	0.547562	0.538462	0.569613	0.503093	0.540512	0.538069	0.494241	0.525157	0.540308	0.539683	0.552760	0.519608	0.577231	0.488344	0.563161	0.518838	0.513558	0.556948	0.516837	0.556996	0.537302	0.570342	0.535995	0.553141	0.482352	0.510052	0.543400	0.533381	0.026313
precision1	0.744770	0.737052	0.675182	0.738776	0.703125	0.731707	0.666667	0.729508	0.700389	0.726562	0.674330	0.707819	0.689516	0.760000	0.682353	0.688259	0.712644	0.721116	0.700758	0.734127	0.649402	0.767347	0.748031	0.711934	0.713693	0.745833	0.738095	0.717131	0.673004	0.670455	0.686508	0.703008	0.738462	0.710843	0.689922	0.759843	0.704545	0.749049	0.662921	0.696850	0.754032	0.718254	0.725806	0.719665	0.743295	0.705179	0.739837	0.667925	0.718367	0.712551	0.713329	0.028547
precision0	0.409836	0.408163	0.384615	0.381818	0.477273	0.296296	0.416667	0.303571	0.302326	0.272727	0.307692	0.473684	0.403846	0.380000	0.333333	0.283019	0.435897	0.448980	0.472222	0.375000	0.408163	0.545455	0.369565	0.421053	0.389831	0.433333	0.270833	0.408163	0.486486	0.305556	0.395833	0.470588	0.400000	0.450980	0.380952	0.478261	0.250000	0.486486	0.424242	0.347826	0.403846	0.333333	0.442308	0.377049	0.512821	0.408163	0.407407	0.257143	0.309091	0.415094	0.391137	0.069818
precision_macro	0.577303	0.572608	0.529899	0.560297	0.590199	0.514002	0.541667	0.516540	0.501357	0.499645	0.491011	0.590752	0.546681	0.570000	0.507843	0.485639	0.574271	0.585048	0.586490	0.554563	0.528783	0.656401	0.558798	0.566493	0.551762	0.589583	0.504464	0.562647	0.579745	0.488005	0.541171	0.586798	0.569231	0.580912	0.535437	0.619052	0.477273	0.617768	0.543582	0.522338	0.578939	0.525794	0.584057	0.548357	0.628058	0.556671	0.573622	0.462534	0.513729	0.563822	0.552233	0.040664
f1score1	0.785872	0.795699	0.778947	0.786957	0.784314	0.775862	0.763557	0.772234	0.770878	0.784810	0.758621	0.773034	0.760000	0.806794	0.758170	0.747253	0.793177	0.788671	0.790598	0.792291	0.735892	0.820961	0.803383	0.770601	0.766147	0.790287	0.786469	0.782609	0.771242	0.759657	0.762115	0.794055	0.806723	0.779736	0.770563	0.819533	0.779874	0.822547	0.764579	0.767896	0.802575	0.778495	0.787746	0.766147	0.818565	0.774617	0.791304	0.756410	0.766885	0.775330	0.780814	0.018861
f1score0	0.340136	0.296296	0.160000	0.300000	0.297872	0.235294	0.215827	0.244604	0.195489	0.190476	0.176471	0.348387	0.280000	0.294574	0.212766	0.206897	0.259542	0.312057	0.257576	0.270677	0.254777	0.422535	0.267717	0.317881	0.304636	0.353741	0.204724	0.285714	0.255319	0.164179	0.260274	0.248062	0.258065	0.315068	0.231884	0.341085	0.146341	0.297521	0.204380	0.230216	0.313433	0.237037	0.321678	0.304636	0.317460	0.279720	0.314286	0.136364	0.241135	0.301370	0.264524	0.058547
f1score_macro	0.563004	0.545998	0.469474	0.543478	0.541093	0.505578	0.489692	0.508419	0.483183	0.487643	0.467546	0.560710	0.520000	0.550684	0.485468	0.477075	0.526359	0.550364	0.524087	0.531484	0.495334	0.621748	0.535550	0.544241	0.535391	0.572014	0.495597	0.534161	0.513280	0.461918	0.511194	0.521059	0.532394	0.547402	0.501223	0.580309	0.463108	0.560034	0.484479	0.499056	0.558004	0.507766	0.554712	0.535391	0.568013	0.527169	0.552795	0.446387	0.504010	0.538350	0.522669	0.035162
roc_auc	0.561237	0.548522	0.510704	0.544460	0.551597	0.510405	0.519516	0.512548	0.500794	0.499776	0.495353	0.563498	0.530410	0.550117	0.504596	0.490176	0.539507	0.554661	0.541973	0.536115	0.517072	0.613728	0.538728	0.547562	0.538462	0.569613	0.503093	0.540512	0.538069	0.494241	0.525157	0.540308	0.539683	0.552760	0.519608	0.577231	0.488344	0.563161	0.518838	0.513558	0.556948	0.516837	0.556996	0.537302	0.570342	0.535995	0.553141	0.482352	0.510052	0.543400	0.533381	0.026313
mcc	0.137605	0.118711	0.035779	0.103552	0.136441	0.024140	0.057032	0.028812	0.002076	-0.000564	-0.012926	0.151822	0.075355	0.118460	0.012007	-0.023756	0.108336	0.136364	0.120503	0.088782	0.044334	0.266737	0.095439	0.112474	0.089238	0.157939	0.007432	0.100757	0.110197	-0.016622	0.064365	0.118299	0.104828	0.130674	0.052720	0.191775	-0.032552	0.172492	0.057307	0.034806	0.134096	0.041679	0.138432	0.084942	0.189819	0.090330	0.125097	-0.051427	0.023495	0.105260	0.083258	0.064774
spd	0.000070	0.036604	0.001850	0.159543	0.021675	0.078164	0.072000	0.050595	0.002304	0.053292	0.092393	0.135858	0.073530	0.029274	0.027916	0.022424	0.009025	0.081266	0.025125	0.042109	0.000371	0.009671	0.003708	0.039636	0.113099	0.004517	0.044492	0.060978	0.074234	0.040943	0.003780	0.018794	0.010246	0.071692	0.003617	0.087201	0.109303	0.129305	0.021150	0.032000	0.099443	0.102666	0.015180	0.047164	0.056460	0.071692	0.004391	0.000000	0.042909	0.031243	0.047298	0.040133

aod	0.071457	0.044174	0.055281	0.188060	0.064389	0.106474	0.064957	0.042758	0.003200	0.061405	0.095310	0.101645	0.089701	0.117443	0.070593	0.025958	0.035991	0.087472	0.088997	0.029064	0.006148	0.065559	0.048341	0.061893	0.137507	0.085997	0.046426	0.086638	0.084481	0.050477	0.103597	0.059549	0.069556	0.060362	0.020529	0.074384	0.094620	0.104889	0.060909	0.078451	0.094051	0.134836	0.027682	0.089770	0.051665	0.091532	0.022886	0.022233	0.062980	0.072403	0.070294	0.034689
eod	0.029614	0.054746	0.049170	0.125721	0.056639	0.002189	0.084675	0.068125	0.004330	0.035166	0.077842	0.197263	0.070956	0.037020	0.077618	0.045427	0.011714	0.084855	0.086207	0.023158	0.003367	0.031313	0.039665	0.036682	0.194595	0.046995	0.044715	0.053143	0.071429	0.011240	0.090310	0.018227	0.028990	0.105117	0.010582	0.052723	0.166015	0.063070	0.035743	0.038889	0.089144	0.019672	0.044495	0.034926	0.068847	0.039821	0.038871	0.022798	0.007342	0.013563	0.054894	0.043415
erd	0.188269	0.150531	0.039105	0.037471	0.203100	0.208747	0.212000	0.178571	0.038357	0.112853	0.121707	0.167903	0.124288	0.175937	0.110732	0.112119	0.247744	0.004342	0.224821	0.131633	0.123562	0.046590	0.042903	0.117609	0.093910	0.178410	0.068591	0.157761	0.069518	0.060174	0.032129	0.088003	0.105972	0.173273	0.005224	0.083384	0.199920	0.170024	0.044898	0.052000	0.069759	0.201742	0.019382	0.014962	0.199719	0.052632	0.105374	0.129167	0.084463	0.137041	0.114366	0.065017
