accuracy	0.740000	0.743333	0.713333	0.753333	0.726667	0.750000	0.730000	0.793333	0.733333	0.763333	0.723333	0.693333	0.736667	0.746667	0.726667	0.756667	0.736667	0.736667	0.743333	0.753333	0.710000	0.770000	0.780000	0.743333	0.716667	0.740000	0.713333	0.720000	0.746667	0.743333	0.703333	0.730000	0.776667	0.766667	0.740000	0.750000	0.726667	0.750000	0.730000	0.736667	0.740000	0.723333	0.760000	0.716667	0.760000	0.713333	0.696667	0.740000	0.753333	0.713333	0.738200	0.020947
recall1	0.948598	0.864486	0.905473	0.851163	0.778325	0.830275	0.913706	0.907834	0.785714	0.844037	0.862069	0.801980	0.846535	0.886878	0.833333	0.855769	0.730769	0.918269	0.799020	0.869767	0.791667	0.849765	0.840183	0.844660	0.836538	0.845070	0.791855	0.794258	0.923469	0.826733	0.801980	0.858537	0.842593	0.809756	0.833333	0.847926	0.788732	0.916667	0.831633	0.927536	0.825688	0.760563	0.827751	0.766667	0.906103	0.839806	0.738318	0.847291	0.869159	0.768116	0.839727	0.049942
recall0	0.220930	0.441860	0.323232	0.505882	0.618557	0.536585	0.378641	0.493976	0.611111	0.548780	0.432990	0.469388	0.510204	0.354430	0.500000	0.532609	0.750000	0.326087	0.625000	0.458824	0.564815	0.574713	0.617284	0.521277	0.445652	0.482759	0.493671	0.549451	0.413462	0.571429	0.500000	0.452632	0.607143	0.673684	0.541667	0.493976	0.574713	0.321429	0.538462	0.311828	0.512195	0.632184	0.604396	0.600000	0.402299	0.436170	0.593023	0.515464	0.465116	0.591398	0.504827	0.102670
recall_macro	0.584764	0.653173	0.614352	0.678523	0.698441	0.683430	0.646173	0.700905	0.698413	0.696409	0.647529	0.635684	0.678369	0.620654	0.666667	0.694189	0.740385	0.622178	0.712010	0.664295	0.678241	0.712239	0.728733	0.682968	0.641095	0.663915	0.642763	0.671854	0.668465	0.699081	0.650990	0.655584	0.724868	0.741720	0.687500	0.670951	0.681723	0.619048	0.685047	0.619682	0.668942	0.696374	0.716073	0.683333	0.654201	0.637988	0.665671	0.681377	0.667138	0.679757	0.672277	0.033250
precision1	0.751852	0.793991	0.730924	0.813333	0.810256	0.826484	0.737705	0.824268	0.825000	0.832579	0.760870	0.757009	0.780822	0.793522	0.779817	0.805430	0.868571	0.754941	0.819095	0.802575	0.763819	0.830275	0.855814	0.794521	0.773333	0.800000	0.813953	0.801932	0.747934	0.799043	0.767773	0.771930	0.846512	0.842640	0.794393	0.814159	0.819512	0.776471	0.772512	0.750000	0.818182	0.835052	0.827751	0.817259	0.787755	0.765487	0.818653	0.785388	0.801724	0.807107	0.797399	0.031325
precision0	0.633333	0.567164	0.627451	0.573333	0.571429	0.543210	0.696429	0.672131	0.550000	0.569620	0.600000	0.534884	0.617284	0.528302	0.585366	0.620253	0.552000	0.638298	0.594059	0.582090	0.603960	0.609756	0.588235	0.604938	0.546667	0.560000	0.458824	0.537634	0.741379	0.615385	0.550562	0.597222	0.600000	0.621359	0.604651	0.554054	0.526316	0.600000	0.629213	0.659091	0.525000	0.518868	0.604396	0.524272	0.636364	0.554054	0.476636	0.617284	0.588235	0.533981	0.584899	0.051698
precision_macro	0.692593	0.680578	0.679187	0.693333	0.690842	0.684847	0.717067	0.748199	0.687500	0.701100	0.680435	0.645947	0.699053	0.660912	0.682591	0.712842	0.710286	0.696619	0.706577	0.692332	0.683890	0.720016	0.722025	0.699729	0.660000	0.680000	0.636389	0.669783	0.744657	0.707214	0.659167	0.684576	0.723256	0.731999	0.699522	0.684107	0.672914	0.688235	0.700863	0.704545	0.671591	0.676960	0.716073	0.670765	0.712059	0.659770	0.647644	0.701336	0.694980	0.670544	0.691149	0.023756
f1score1	0.838843	0.827740	0.808889	0.831818	0.793970	0.828375	0.816327	0.864035	0.804878	0.838269	0.808314	0.778846	0.812352	0.837607	0.805687	0.829837	0.793734	0.828633	0.808933	0.834821	0.777494	0.839907	0.847926	0.818824	0.803695	0.821918	0.802752	0.798077	0.826484	0.812652	0.784504	0.812933	0.844548	0.825871	0.813397	0.830700	0.803828	0.840764	0.800983	0.829374	0.821918	0.796069	0.827751	0.791155	0.842795	0.800926	0.776413	0.815166	0.834081	0.787129	0.816439	0.019921
f1score0	0.327586	0.496732	0.426667	0.537500	0.594059	0.539877	0.490566	0.569444	0.578947	0.559006	0.502994	0.500000	0.558659	0.424242	0.539326	0.573099	0.635945	0.431655	0.609137	0.513158	0.583732	0.591716	0.602410	0.560000	0.491018	0.518519	0.475610	0.543478	0.530864	0.592593	0.524064	0.514970	0.603550	0.646465	0.571429	0.522293	0.549451	0.418605	0.580311	0.423358	0.518519	0.569948	0.604396	0.559585	0.492958	0.488095	0.528497	0.561798	0.519481	0.561224	0.533151	0.061401
f1score_macro	0.583215	0.662236	0.617778	0.684659	0.694015	0.684126	0.653446	0.716740	0.691913	0.698638	0.655654	0.639423	0.685505	0.630925	0.672507	0.701468	0.714839	0.630144	0.709035	0.673990	0.680613	0.715812	0.725168	0.689412	0.647357	0.670218	0.639181	0.670778	0.678674	0.702622	0.654284	0.663952	0.724049	0.736168	0.692413	0.676496	0.676639	0.629684	0.690647	0.626366	0.670218	0.683008	0.716073	0.675370	0.667876	0.644511	0.652455	0.688482	0.676781	0.674177	0.674795	0.030663
roc_auc	0.584764	0.653173	0.614352	0.678523	0.698441	0.683430	0.646173	0.700905	0.698413	0.696409	0.647529	0.635684	0.678369	0.620654	0.666667	0.694189	0.740385	0.622178	0.712010	0.664295	0.678241	0.712239	0.728733	0.682968	0.641095	0.663915	0.642763	0.671854	0.668465	0.699081	0.650990	0.655584	0.724868	0.741720	0.687500	0.670951	0.681723	0.619048	0.685047	0.619682	0.668942	0.696374	0.716073	0.683333	0.654201	0.637988	0.665671	0.681377	0.667138	0.679757	0.672277	0.033250
mcc	0.255538	0.332624	0.286290	0.371561	0.389209	0.368275	0.356255	0.446607	0.385758	0.397481	0.326309	0.281443	0.376855	0.278673	0.348895	0.406603	0.449664	0.309984	0.418552	0.355524	0.362086	0.432185	0.450708	0.382331	0.300501	0.343538	0.279079	0.341632	0.406035	0.406213	0.310049	0.338922	0.448121	0.473620	0.386835	0.354814	0.354527	0.299392	0.385586	0.312924	0.340522	0.372828	0.432147	0.353876	0.361662	0.296961	0.312796	0.382193	0.361045	0.350179	0.361508	0.051092
spd	0.094192	0.058748	0.034027	0.058870	0.092174	0.056083	0.060871	0.004651	0.107928	0.104478	0.049474	0.035000	0.009524	0.074095	0.014891	0.077279	0.062486	0.106367	0.016095	0.008570	0.055000	0.063465	0.140057	0.067858	0.061560	0.091858	0.033701	0.026961	0.103155	0.006257	0.068724	0.074125	0.001045	0.119707	0.066667	0.057992	0.027370	0.003135	0.060215	0.065276	0.021888	0.010000	0.027230	0.056819	0.094794	0.042187	0.010976	0.050068	0.129503	0.008893	0.055446	0.035778

aod	0.157616	0.087483	0.077190	0.025310	0.093092	0.033280	0.046191	0.052366	0.072051	0.126361	0.093610	0.053846	0.073076	0.071406	0.054380	0.115407	0.146453	0.100094	0.050744	0.041868	0.106218	0.024047	0.098016	0.103744	0.036970	0.044011	0.077823	0.069730	0.074086	0.060676	0.043818	0.066192	0.046468	0.118153	0.125711	0.063975	0.048567	0.058081	0.076222	0.049751	0.017243	0.003425	0.038885	0.095822	0.049502	0.033976	0.063194	0.023351	0.138980	0.066634	0.069902	0.034531
eod	0.051729	0.049351	0.012539	0.040416	0.149164	0.043137	0.008435	0.006031	0.063131	0.145734	0.107937	0.015399	0.053995	0.049020	0.019871	0.109009	0.096915	0.034774	0.042109	0.021610	0.046784	0.022013	0.057143	0.002182	0.012821	0.070047	0.033333	0.035888	0.039269	0.004685	0.022505	0.063153	0.016913	0.074103	0.007724	0.014114	0.033977	0.005958	0.113720	0.019093	0.016629	0.005095	0.051073	0.041643	0.043322	0.009524	0.028009	0.023145	0.092146	0.025510	0.043037	0.035534
erd	0.146586	0.022727	0.071676	0.063972	0.114062	0.038732	0.024446	0.056361	0.033359	0.159355	0.026562	0.025000	0.053480	0.036971	0.046727	0.001797	0.005760	0.032126	0.021739	0.036162	0.060000	0.060463	0.026568	0.060008	0.031464	0.109591	0.037990	0.032475	0.037369	0.073243	0.021973	0.031471	0.038462	0.001033	0.085714	0.007577	0.004751	0.125418	0.036873	0.050300	0.031190	0.005000	0.018010	0.028489	0.086603	0.011289	0.031189	0.031190	0.020798	0.055701	0.045396	0.035394
