accuracy	0.399913	0.722313	0.465945	0.676069	0.678364	0.781786	0.761452	0.782114	0.740899	0.757079	0.755330	0.404723	0.786597	0.625888	0.790314	0.723297	0.694217	0.124522	0.761561	0.783536	0.140811	0.642834	0.791079	0.790860	0.197332	0.677818	0.800809	0.855034	0.770963	0.597682	0.705149	0.688641	0.726577	0.802340	0.757844	0.791735	0.807150	0.670384	0.125615	0.822893	0.821909	0.821034	0.719580	0.235268	0.602165	0.349732	0.752924	0.744725	0.772494	0.126490	0.646516	0.210350
recall1	0.969190	0.980274	0.990542	0.953547	0.989324	0.906854	0.970537	0.960481	0.964317	0.972431	0.966724	0.993870	0.956229	0.989199	0.945709	0.932247	0.980702	0.999118	0.956942	0.950435	0.989655	0.910924	0.957821	0.944490	0.994058	0.985989	0.929443	0.796595	0.947322	0.978578	0.984224	0.986150	0.979661	0.935456	0.973114	0.933390	0.935226	0.975820	0.999127	0.917904	0.931245	0.886910	0.979540	0.953427	0.957895	0.992208	0.907570	0.956255	0.969802	0.998271	0.958335	0.035544
recall0	0.319186	0.684626	0.389529	0.634811	0.634800	0.764015	0.731265	0.756107	0.708802	0.724654	0.724263	0.320675	0.761277	0.575660	0.768145	0.692770	0.653428	0.000749	0.733799	0.759535	0.017528	0.602740	0.767387	0.767506	0.079558	0.633854	0.782348	0.863155	0.745879	0.541980	0.665376	0.648686	0.689093	0.782968	0.726795	0.770938	0.789152	0.626111	0.000500	0.809298	0.806202	0.811815	0.681339	0.133225	0.551517	0.256882	0.730995	0.714518	0.743866	0.000250	0.601591	0.243348
recall_macro	0.644188	0.832450	0.690035	0.794179	0.812062	0.835435	0.850901	0.858294	0.836559	0.848543	0.845493	0.657272	0.858753	0.782429	0.856927	0.812509	0.817065	0.499933	0.845371	0.854985	0.503592	0.756832	0.862604	0.855998	0.536808	0.809922	0.855895	0.829875	0.846601	0.760279	0.824800	0.817418	0.834377	0.859212	0.849954	0.852164	0.862189	0.800966	0.499814	0.863601	0.868723	0.849362	0.830439	0.543326	0.754706	0.624545	0.819283	0.835387	0.856834	0.499261	0.779963	0.112990
precision1	0.167963	0.312295	0.191172	0.279663	0.275111	0.353183	0.342717	0.364763	0.322374	0.347152	0.340036	0.172676	0.374177	0.243735	0.367847	0.307149	0.287182	0.123961	0.338094	0.362401	0.127626	0.255359	0.369116	0.381782	0.137668	0.277545	0.379986	0.447183	0.346500	0.238065	0.295371	0.273776	0.318194	0.385461	0.339383	0.374315	0.383971	0.274472	0.125246	0.407839	0.408397	0.397446	0.311382	0.135169	0.233184	0.161750	0.323603	0.323564	0.354574	0.126326	0.295758	0.087695
precision0	0.986497	0.995808	0.996475	0.989237	0.997649	0.982972	0.994217	0.992437	0.992820	0.994304	0.993293	0.997280	0.991491	0.997413	0.990018	0.985913	0.995813	0.857143	0.991731	0.990703	0.921053	0.978376	0.992251	0.989125	0.989080	0.996857	0.987222	0.968292	0.990055	0.994253	0.996632	0.997141	0.995647	0.988146	0.994693	0.987474	0.988597	0.994433	0.800000	0.985693	0.987896	0.980876	0.995602	0.952679	0.989247	0.995635	0.982386	0.991333	0.994144	0.500000	0.972361	0.075627
precision_macro	0.577230	0.654052	0.593824	0.634450	0.636380	0.668077	0.668467	0.678600	0.657597	0.670728	0.666665	0.584978	0.682834	0.620574	0.678933	0.646531	0.641497	0.490552	0.664913	0.676552	0.524340	0.616868	0.680683	0.685453	0.563374	0.637201	0.683604	0.707737	0.668277	0.616159	0.646002	0.635458	0.656921	0.686804	0.667038	0.680894	0.686284	0.634453	0.462623	0.696766	0.698147	0.689161	0.653492	0.543924	0.611216	0.578693	0.652994	0.657449	0.674359	0.313163	0.634059	0.069589
f1score1	0.286309	0.473684	0.320490	0.432484	0.430507	0.508374	0.506558	0.528730	0.483210	0.511648	0.503108	0.294232	0.537879	0.391103	0.529671	0.462062	0.444268	0.220557	0.499656	0.524724	0.226096	0.398896	0.532877	0.543763	0.241842	0.433160	0.539434	0.572809	0.507407	0.382964	0.454380	0.428571	0.480366	0.545957	0.503252	0.534344	0.544421	0.428436	0.222589	0.564750	0.567790	0.548912	0.472548	0.236770	0.375064	0.278155	0.477094	0.483521	0.519289	0.224272	0.443180	0.106376
f1score0	0.482316	0.811405	0.560108	0.773350	0.775899	0.859772	0.842705	0.858301	0.827108	0.838329	0.837708	0.485301	0.861265	0.729998	0.865082	0.813746	0.789081	0.001496	0.843488	0.859853	0.034402	0.745937	0.865451	0.864336	0.147271	0.774952	0.872925	0.912706	0.850794	0.701541	0.797993	0.786026	0.814480	0.873672	0.839899	0.865873	0.877687	0.768415	0.000999	0.888828	0.887849	0.888374	0.809024	0.233761	0.708203	0.408395	0.838248	0.830465	0.850985	0.000500	0.709126	0.259865
f1score_macro	0.384312	0.642545	0.440299	0.602917	0.603203	0.684073	0.674631	0.693515	0.655159	0.674989	0.670408	0.389767	0.699572	0.560551	0.697377	0.637904	0.616674	0.111027	0.671572	0.692288	0.130249	0.572416	0.699164	0.704050	0.194556	0.604056	0.706179	0.742758	0.679100	0.542253	0.626186	0.607298	0.647423	0.709815	0.671575	0.700109	0.711054	0.598426	0.111794	0.726789	0.727819	0.718643	0.640786	0.235265	0.541634	0.343275	0.657671	0.656993	0.685137	0.112386	0.576153	0.180595
roc_auc	0.644188	0.832450	0.690035	0.794179	0.812062	0.835435	0.850901	0.858294	0.836559	0.848543	0.845493	0.657272	0.858753	0.782429	0.856927	0.812509	0.817065	0.499933	0.845371	0.854985	0.503592	0.756832	0.862604	0.855998	0.536808	0.809922	0.855895	0.829875	0.846601	0.760279	0.824800	0.817418	0.834377	0.859212	0.849954	0.852164	0.862189	0.800966	0.499814	0.863601	0.868723	0.849362	0.830439	0.543326	0.754706	0.624545	0.819283	0.835387	0.856834	0.499261	0.779963	0.112990
mcc	0.211051	0.452612	0.267056	0.397756	0.412597	0.474885	0.486273	0.505930	0.460611	0.487877	0.479923	0.231212	0.512219	0.369072	0.505434	0.427982	0.423622	-0.001586	0.477309	0.500692	0.018700	0.346499	0.511924	0.513891	0.096595	0.412415	0.511248	0.523555	0.483011	0.347757	0.435529	0.414714	0.458130	0.518081	0.483552	0.504795	0.519500	0.402321	-0.005278	0.534955	0.540597	0.514143	0.450421	0.087248	0.336614	0.197998	0.442034	0.459592	0.498868	-0.023503	0.392369	0.157257
spd	0.292254	0.191809	0.049116	0.041505	0.158938	0.106892	0.182763	0.157546	0.122197	0.176148	0.164028	0.101915	0.244759	0.170478	0.174533	0.120400	0.143677	0.000788	0.179341	0.173140	0.017052	0.108747	0.199849	0.174462	0.072087	0.114501	0.155067	0.099339	0.198972	0.019334	0.221396	0.198310	0.172651	0.178810	0.214333	0.154109	0.198247	0.104485	0.000563	0.261407	0.198358	0.166384	0.230051	0.125956	0.049517	0.195836	0.075682	0.115778	0.252335	0.000450	0.144526	0.070611

aod	0.180364	0.082528	0.013066	0.006868	0.063543	0.055393	0.106849	0.064065	0.058757	0.078501	0.062512	0.085914	0.114434	0.066253	0.071543	0.045938	0.055498	0.000848	0.082798	0.079356	0.014357	0.114485	0.096855	0.069262	0.043898	0.040038	0.063121	0.040356	0.069141	0.046365	0.090239	0.104759	0.075820	0.093172	0.093076	0.067499	0.093527	0.048567	0.000712	0.112331	0.051459	0.075124	0.115164	0.092857	0.076717	0.138696	0.039473	0.038998	0.130376	0.001044	0.070250	0.036528
eod	0.032318	0.013236	0.009901	0.006491	0.011278	0.061963	0.046801	0.025284	0.037409	0.029049	0.001075	0.006422	0.029749	0.011461	0.022120	0.010530	0.001847	0.000928	0.028778	0.010000	0.010762	0.074035	0.025850	0.024510	0.006284	0.004045	0.014629	0.034667	0.011754	0.004400	0.016775	0.014409	0.001908	0.049424	0.011923	0.033135	0.031934	0.039581	0.000911	0.016511	0.004095	0.026727	0.021505	0.049165	0.004293	0.010909	0.041586	0.011347	0.031674	0.001832	0.020544	0.016751
erd	0.215824	0.082883	0.043469	0.030727	0.049613	0.033707	0.121467	0.053971	0.037885	0.067307	0.072967	0.191543	0.119422	0.031519	0.069890	0.041486	0.056472	0.088581	0.080266	0.104084	0.053689	0.130766	0.116579	0.060250	0.055186	0.029619	0.071841	0.050588	0.060036	0.111200	0.068138	0.141865	0.095731	0.085936	0.104026	0.056906	0.101159	0.012672	0.060005	0.134800	0.047612	0.085562	0.130996	0.000026	0.162978	0.268548	0.023102	0.030701	0.152666	0.122338	0.084372	0.052403
