accuracy	0.643976	0.645057	0.629390	0.646677	0.650999	0.621286	0.647218	0.641815	0.640735	0.637493	0.635332	0.658023	0.652620	0.647218	0.649919	0.609941	0.642355	0.654781	0.642896	0.653701	0.643436	0.647758	0.660184	0.640194	0.623987	0.639114	0.632091	0.654241	0.636413	0.631010	0.636953	0.650459	0.639654	0.642355	0.627769	0.633171	0.640194	0.641815	0.629930	0.623987	0.635873	0.635332	0.621826	0.645057	0.648838	0.639114	0.651540	0.657482	0.633171	0.633712	0.640562	0.010462
recall1	0.669043	0.700715	0.648039	0.701299	0.680361	0.655622	0.664343	0.651141	0.665339	0.654867	0.683382	0.717694	0.659136	0.661149	0.680079	0.660321	0.659000	0.664694	0.687691	0.690836	0.657088	0.658847	0.701362	0.661808	0.672816	0.681503	0.674901	0.684577	0.628319	0.665358	0.673849	0.692385	0.649951	0.674747	0.656805	0.684891	0.681018	0.690751	0.693565	0.645192	0.678068	0.691262	0.656126	0.663992	0.671414	0.676938	0.693281	0.689203	0.659000	0.651232	0.672300	0.017636
recall0	0.615650	0.582569	0.606498	0.582353	0.616647	0.581287	0.626919	0.629537	0.611570	0.616307	0.576739	0.586982	0.644658	0.629854	0.612981	0.550996	0.622797	0.642772	0.592166	0.610723	0.625774	0.634058	0.608748	0.613139	0.562728	0.588095	0.580453	0.618203	0.646283	0.588942	0.591566	0.601407	0.627098	0.605110	0.592593	0.571598	0.589867	0.579336	0.558486	0.596794	0.586931	0.565164	0.580453	0.622951	0.623272	0.594083	0.599515	0.620930	0.602820	0.612440	0.602577	0.022758
recall_macro	0.642346	0.641642	0.627269	0.641826	0.648504	0.618455	0.645631	0.640339	0.638454	0.635587	0.630061	0.652338	0.651897	0.645502	0.646530	0.605659	0.640898	0.653733	0.639928	0.650779	0.641431	0.646452	0.655055	0.637473	0.617772	0.634799	0.627677	0.651390	0.637301	0.627150	0.632708	0.646896	0.638525	0.639929	0.624699	0.628244	0.635442	0.635044	0.626026	0.620993	0.632500	0.628213	0.618290	0.643471	0.647343	0.635511	0.646398	0.655067	0.630910	0.631836	0.637438	0.010849
precision1	0.662967	0.653333	0.669028	0.664144	0.674950	0.645895	0.678535	0.698267	0.670010	0.675456	0.663168	0.674136	0.693899	0.690041	0.682759	0.632438	0.672449	0.692703	0.656311	0.672549	0.694332	0.689867	0.691275	0.681682	0.658745	0.665700	0.659903	0.680514	0.684154	0.664706	0.669912	0.670223	0.680041	0.662698	0.661370	0.655566	0.671815	0.677054	0.638158	0.672345	0.655642	0.666043	0.653543	0.672764	0.668693	0.665039	0.683301	0.676908	0.660983	0.671066	0.670542	0.013918
precision0	0.622093	0.634207	0.584009	0.623426	0.622485	0.591667	0.611751	0.578161	0.606557	0.594220	0.599004	0.635897	0.607466	0.598616	0.610048	0.580964	0.608496	0.612756	0.626066	0.630566	0.585168	0.600686	0.620050	0.591549	0.578223	0.605392	0.596814	0.622619	0.587786	0.589651	0.595874	0.625610	0.594994	0.618031	0.587678	0.603750	0.600000	0.594697	0.618806	0.567409	0.611179	0.593350	0.583234	0.613610	0.626157	0.607013	0.610630	0.634204	0.600703	0.591224	0.604691	0.016508
precision_macro	0.642530	0.643770	0.626519	0.643785	0.648718	0.618781	0.645143	0.638214	0.638284	0.634838	0.631086	0.655017	0.650682	0.644328	0.646403	0.606701	0.640472	0.652730	0.641188	0.651557	0.639750	0.645277	0.655662	0.636615	0.618484	0.635546	0.628359	0.651567	0.635970	0.627178	0.632893	0.647916	0.637518	0.640365	0.624524	0.629658	0.635907	0.635875	0.628482	0.619877	0.633410	0.629697	0.618388	0.643187	0.647425	0.636026	0.646966	0.655556	0.630843	0.631145	0.637616	0.010778
f1score1	0.665991	0.676195	0.658367	0.682216	0.677645	0.650722	0.671364	0.673881	0.667666	0.665002	0.673123	0.695234	0.676071	0.675286	0.681416	0.646078	0.665657	0.678410	0.671634	0.681570	0.675197	0.674000	0.696282	0.671598	0.665706	0.673509	0.667318	0.682540	0.655049	0.665032	0.671875	0.681124	0.664656	0.668669	0.659080	0.669908	0.676385	0.683834	0.664709	0.658489	0.666667	0.678418	0.654832	0.668349	0.670051	0.670936	0.688255	0.683000	0.659990	0.661000	0.671200	0.010230
f1score0	0.618855	0.607292	0.595041	0.602190	0.619552	0.586431	0.619242	0.602756	0.609053	0.605062	0.587660	0.610462	0.625510	0.613838	0.611511	0.565584	0.615563	0.627405	0.608644	0.620485	0.604790	0.616921	0.614347	0.602151	0.570370	0.596618	0.588520	0.620403	0.615648	0.589296	0.593712	0.613270	0.610625	0.611502	0.590125	0.587234	0.594891	0.586916	0.587101	0.581731	0.598810	0.578915	0.581840	0.618245	0.624711	0.600478	0.605021	0.627497	0.601760	0.601645	0.603345	0.014887
f1score_macro	0.642423	0.641744	0.626704	0.642203	0.648599	0.618577	0.645303	0.638319	0.638360	0.635032	0.630392	0.652848	0.650790	0.644562	0.646463	0.605831	0.640610	0.652907	0.640139	0.651028	0.639994	0.645461	0.655315	0.636874	0.618038	0.635064	0.627919	0.651472	0.635348	0.627164	0.632794	0.647197	0.637640	0.640086	0.624602	0.628571	0.635638	0.635375	0.625905	0.620110	0.632738	0.628666	0.618336	0.643297	0.647381	0.635707	0.646638	0.655249	0.630875	0.631323	0.637272	0.010796
roc_auc	0.642346	0.641642	0.627269	0.641826	0.648504	0.618455	0.645631	0.640339	0.638454	0.635587	0.630061	0.652338	0.651897	0.645502	0.646530	0.605659	0.640898	0.653733	0.639928	0.650779	0.641431	0.646452	0.655055	0.637473	0.617772	0.634799	0.627677	0.651390	0.637301	0.627150	0.632708	0.646896	0.638525	0.639929	0.624699	0.628244	0.635442	0.635044	0.626026	0.620993	0.632500	0.628213	0.618290	0.643471	0.647343	0.635511	0.646398	0.655067	0.630910	0.631836	0.637438	0.010849
mcc	0.284876	0.285404	0.253786	0.285604	0.297222	0.237235	0.290773	0.278545	0.276738	0.270424	0.261144	0.307343	0.302577	0.289828	0.292933	0.212357	0.281371	0.306461	0.281114	0.302336	0.281176	0.291727	0.310717	0.274087	0.236255	0.270345	0.256035	0.302957	0.273268	0.254329	0.265601	0.294810	0.276040	0.280293	0.249223	0.257898	0.271349	0.270918	0.254495	0.240868	0.265909	0.257906	0.236678	0.286658	0.294768	0.271536	0.293363	0.310622	0.261753	0.262980	0.275053	0.021602
spd	0.032295	0.041777	0.046564	0.063173	0.062961	0.090688	0.002289	0.032742	0.078853	0.053971	0.012493	0.069422	0.004099	0.032007	0.005506	0.013175	0.028297	0.086984	0.029304	0.020741	0.017727	0.126460	0.038884	0.095658	0.134764	0.017640	0.045298	0.015817	0.000080	0.036299	0.053323	0.013139	0.002107	0.013615	0.004565	0.000856	0.003508	0.023643	0.135863	0.142274	0.087303	0.059817	0.037043	0.040336	0.040355	0.005985	0.101269	0.027572	0.096855	0.060640	0.045721	0.038522

aod	0.057867	0.065897	0.077330	0.028773	0.033092	0.105431	0.036553	0.062870	0.104547	0.077368	0.036205	0.087840	0.024285	0.055670	0.032876	0.048511	0.008134	0.109185	0.051234	0.048781	0.048825	0.145946	0.073398	0.122067	0.158165	0.047286	0.072530	0.015987	0.028111	0.050100	0.072919	0.045349	0.031041	0.038524	0.021398	0.040155	0.031374	0.049854	0.143090	0.157501	0.105835	0.031992	0.051377	0.066967	0.072654	0.038220	0.120207	0.008503	0.116716	0.080719	0.064785	0.038375
eod	0.087824	0.101478	0.053340	0.034793	0.007177	0.147461	0.068965	0.113272	0.093048	0.097576	0.031155	0.108658	0.036665	0.095740	0.031395	0.078884	0.002914	0.113038	0.098917	0.067536	0.049585	0.170599	0.056704	0.115434	0.145314	0.037631	0.065157	0.018736	0.052731	0.098853	0.075712	0.044690	0.045909	0.074855	0.033539	0.059207	0.048365	0.062234	0.148525	0.181436	0.125120	0.005476	0.099962	0.083950	0.096472	0.053020	0.159581	0.016873	0.125812	0.109752	0.078621	0.043750
erd	0.031767	0.031527	0.014611	0.024545	0.013193	0.049182	0.036563	0.070172	0.001306	0.028452	0.008749	0.023461	0.014911	0.046058	0.002397	0.040010	0.008366	0.017575	0.048396	0.017285	0.006816	0.045289	0.013111	0.010599	0.004492	0.011350	0.005102	0.001931	0.031204	0.051272	0.007662	0.003752	0.017447	0.034097	0.008411	0.031263	0.011942	0.010047	0.012312	0.047150	0.025008	0.003564	0.048973	0.022338	0.028034	0.010501	0.050343	0.001480	0.020162	0.037904	0.022842	0.016837
