accuracy	0.641275	0.662885	0.649379	0.659643	0.660184	0.656942	0.662345	0.646137	0.674770	0.656402	0.669908	0.677472	0.656942	0.676391	0.666667	0.651540	0.665046	0.674230	0.660184	0.653701	0.660724	0.646677	0.669908	0.658023	0.649919	0.660724	0.629390	0.666667	0.662345	0.655321	0.650459	0.668287	0.646677	0.661264	0.655862	0.642896	0.628309	0.656402	0.661264	0.639654	0.662885	0.647758	0.660724	0.662345	0.656942	0.670989	0.666126	0.660724	0.666126	0.648838	0.657925	0.010702
recall1	0.654786	0.641471	0.658824	0.685315	0.731463	0.700803	0.671315	0.663498	0.656375	0.688299	0.693215	0.740557	0.627701	0.696203	0.726202	0.655311	0.673000	0.698225	0.699898	0.631420	0.699234	0.669599	0.685798	0.634597	0.669903	0.677547	0.669960	0.668657	0.680433	0.654563	0.679726	0.732465	0.657817	0.689899	0.667653	0.637177	0.588063	0.630058	0.704801	0.600000	0.646881	0.614563	0.678854	0.684052	0.673449	0.668986	0.759494	0.681130	0.705000	0.683744	0.673760	0.033703
recall0	0.626007	0.686927	0.637786	0.629412	0.576788	0.605848	0.651712	0.623279	0.696576	0.617506	0.641487	0.602367	0.692677	0.651699	0.593750	0.647128	0.655699	0.645161	0.615207	0.679487	0.610905	0.618357	0.650061	0.687348	0.624848	0.640476	0.580453	0.664303	0.640288	0.656250	0.614458	0.593200	0.633094	0.628339	0.641577	0.649704	0.677925	0.690037	0.612385	0.690506	0.681447	0.689403	0.638856	0.637002	0.638249	0.673373	0.549757	0.637209	0.620447	0.606459	0.639064	0.032965
recall_macro	0.640397	0.664199	0.648305	0.657363	0.654125	0.653326	0.661513	0.643389	0.676475	0.652902	0.667351	0.671462	0.660189	0.673951	0.659976	0.651219	0.664350	0.671693	0.657553	0.655454	0.655069	0.643978	0.667929	0.660972	0.647375	0.659012	0.625207	0.666480	0.660360	0.655407	0.647092	0.662833	0.645455	0.659119	0.654615	0.643441	0.632994	0.660047	0.658593	0.645253	0.664164	0.651983	0.658855	0.660527	0.655849	0.671179	0.654625	0.659170	0.662723	0.645102	0.656412	0.010122
precision1	0.664256	0.697003	0.690647	0.685315	0.669111	0.674396	0.695562	0.698699	0.719432	0.686948	0.702191	0.689177	0.713966	0.713573	0.686456	0.684817	0.696687	0.704478	0.673190	0.695122	0.699234	0.684316	0.709970	0.717582	0.691383	0.694022	0.658252	0.702929	0.697581	0.699895	0.684418	0.678108	0.686154	0.680957	0.692938	0.684098	0.692396	0.721854	0.671206	0.713143	0.701965	0.712838	0.693939	0.687500	0.678279	0.709168	0.677672	0.683891	0.685798	0.678397	0.692218	0.014431
precision0	0.616082	0.630526	0.603645	0.629412	0.647368	0.634804	0.625850	0.584507	0.631016	0.618990	0.631641	0.661039	0.603556	0.632509	0.639069	0.616071	0.630508	0.638298	0.644150	0.614331	0.610905	0.602353	0.623543	0.600425	0.601407	0.622685	0.593179	0.627933	0.621653	0.608018	0.609319	0.654592	0.602740	0.637972	0.614416	0.600656	0.571719	0.593651	0.648846	0.573770	0.624599	0.587747	0.622532	0.633295	0.633143	0.630820	0.647143	0.634259	0.641555	0.612319	0.620411	0.019973
precision_macro	0.640169	0.663765	0.647146	0.657363	0.658240	0.654600	0.660706	0.641603	0.675224	0.652969	0.666916	0.675108	0.658761	0.673041	0.662762	0.650444	0.663598	0.671388	0.658670	0.654726	0.655069	0.643334	0.666756	0.659004	0.646395	0.658354	0.625716	0.665431	0.659617	0.653956	0.646869	0.666350	0.644447	0.659464	0.653677	0.642377	0.632058	0.657753	0.660026	0.643457	0.663282	0.650292	0.658236	0.660397	0.655711	0.669994	0.662407	0.659075	0.663676	0.645358	0.656315	0.010369
f1score1	0.659487	0.668085	0.674360	0.685315	0.698899	0.687346	0.683224	0.680644	0.686458	0.687623	0.697674	0.713943	0.668061	0.704781	0.705770	0.669739	0.684639	0.701337	0.686284	0.661741	0.699234	0.676877	0.697674	0.673543	0.680473	0.685686	0.664055	0.685365	0.688900	0.676471	0.682064	0.704239	0.671687	0.685399	0.680060	0.659804	0.635979	0.672840	0.687593	0.651697	0.673298	0.660063	0.686314	0.685772	0.675855	0.688491	0.716253	0.682508	0.695266	0.681060	0.682199	0.015485
f1score0	0.621005	0.657519	0.620246	0.629412	0.610043	0.619988	0.638519	0.603271	0.662177	0.618247	0.636526	0.630341	0.645053	0.641961	0.615576	0.631218	0.642857	0.641711	0.629346	0.645268	0.610905	0.610250	0.636526	0.640953	0.612903	0.631455	0.586747	0.645606	0.630833	0.631214	0.611878	0.622386	0.617544	0.633119	0.627703	0.624218	0.620309	0.638225	0.630088	0.626749	0.651786	0.634529	0.630588	0.635143	0.635686	0.651402	0.594488	0.635731	0.630824	0.609375	0.628789	0.015033
f1score_macro	0.640246	0.662802	0.647303	0.657363	0.654471	0.653667	0.660871	0.641957	0.674318	0.652935	0.667100	0.672142	0.656557	0.673371	0.660673	0.650478	0.663748	0.671524	0.657815	0.653505	0.655069	0.643564	0.667100	0.657248	0.646688	0.658571	0.625401	0.665485	0.659866	0.653842	0.646971	0.663313	0.644615	0.659259	0.653882	0.642011	0.628144	0.655532	0.658841	0.639223	0.662542	0.647296	0.658451	0.660457	0.655770	0.669947	0.655371	0.659119	0.663045	0.645217	0.655494	0.010447
roc_auc	0.640397	0.664199	0.648305	0.657363	0.654125	0.653326	0.661513	0.643389	0.676475	0.652902	0.667351	0.671462	0.660189	0.673951	0.659976	0.651219	0.664350	0.671693	0.657553	0.655454	0.655069	0.643978	0.667929	0.660972	0.647375	0.659012	0.625207	0.666480	0.660360	0.655407	0.647092	0.662833	0.645455	0.659119	0.654615	0.643441	0.632994	0.660047	0.658593	0.645253	0.664164	0.651983	0.658855	0.660527	0.655849	0.671179	0.654625	0.659170	0.662723	0.645102	0.656412	0.010122
mcc	0.280565	0.327963	0.295448	0.314726	0.312338	0.307923	0.322219	0.284986	0.351697	0.305872	0.334267	0.346550	0.318948	0.346990	0.322727	0.301662	0.327947	0.343081	0.316221	0.310179	0.310138	0.287312	0.334684	0.319970	0.293768	0.317365	0.250922	0.331909	0.319976	0.309360	0.293960	0.329164	0.289900	0.318583	0.308291	0.285816	0.265050	0.317792	0.318616	0.288704	0.327445	0.302271	0.317090	0.320924	0.311559	0.341171	0.316937	0.318245	0.326398	0.290459	0.312722	0.020415
spd	0.013099	0.016629	0.065997	0.064890	0.022300	0.023816	0.037733	0.002499	0.064517	0.018045	0.004921	0.014374	0.075925	0.011353	0.033555	0.013660	0.027581	0.048712	0.067543	0.034953	0.061187	0.035223	0.033486	0.012460	0.003850	0.001316	0.026671	0.028785	0.055187	0.013665	0.030646	0.020470	0.016581	0.017368	0.043648	0.006029	0.006590	0.006468	0.015666	0.085882	0.006417	0.071524	0.038966	0.013690	0.067872	0.084577	0.031143	0.079360	0.001890	0.033855	0.032251	0.024501

aod	0.036896	0.041431	0.031066	0.028338	0.044472	0.030270	0.030369	0.036641	0.037480	0.045158	0.069291	0.034156	0.057984	0.041792	0.027292	0.018895	0.014983	0.031482	0.046087	0.058626	0.033410	0.055346	0.003088	0.035345	0.025179	0.031381	0.010076	0.032019	0.087725	0.054140	0.052968	0.022418	0.049702	0.040678	0.048042	0.031463	0.022560	0.022869	0.056649	0.072767	0.031686	0.035906	0.052376	0.019520	0.031936	0.046878	0.057814	0.045386	0.021283	0.026370	0.038394	0.016102
eod	0.047638	0.052168	0.060163	0.024167	0.050969	0.027780	0.027096	0.057486	0.019243	0.049301	0.092913	0.062690	0.025153	0.075837	0.018680	0.032882	0.008945	0.003032	0.000161	0.116529	0.004873	0.070322	0.002594	0.068961	0.049411	0.048412	0.006679	0.033740	0.122765	0.056459	0.097648	0.033826	0.050464	0.051395	0.030622	0.055481	0.028270	0.044835	0.046124	0.022131	0.032107	0.018097	0.033891	0.035028	0.029041	0.018284	0.043191	0.021820	0.038915	0.014734	0.041259	0.027050
erd	0.035026	0.046805	0.036346	0.006896	0.027105	0.021954	0.027063	0.036213	0.016261	0.038664	0.067930	0.023508	0.028693	0.036333	0.013564	0.015696	0.005670	0.023504	0.032670	0.070265	0.012158	0.019554	0.000594	0.044289	0.024460	0.018242	0.000537	0.031483	0.044881	0.054326	0.054596	0.008871	0.006487	0.035268	0.041712	0.029677	0.019605	0.032270	0.053041	0.044787	0.006901	0.020414	0.045754	0.016897	0.005768	0.020941	0.037649	0.011205	0.013764	0.017314	0.027672	0.016605
