accuracy	0.901607	0.902919	0.900623	0.901279	0.903247	0.902810	0.906308	0.900623	0.900405	0.903684	0.900623	0.902810	0.897999	0.903356	0.898327	0.899858	0.898327	0.900951	0.900842	0.900623	0.894282	0.903247	0.899858	0.901935	0.905105	0.903247	0.898874	0.902154	0.904122	0.898765	0.902263	0.907073	0.899530	0.897781	0.900077	0.898874	0.903575	0.899858	0.901279	0.904559	0.903138	0.904122	0.899749	0.904996	0.901279	0.898437	0.901935	0.904996	0.900951	0.902700	0.901520	0.002445
recall1	0.579225	0.548027	0.574377	0.521115	0.559609	0.630053	0.636049	0.554983	0.639687	0.599833	0.508532	0.564799	0.625421	0.633663	0.588441	0.560034	0.602632	0.599647	0.590510	0.590435	0.593103	0.580672	0.597540	0.611433	0.625637	0.626970	0.573171	0.606631	0.630378	0.604113	0.614373	0.618652	0.588136	0.665232	0.632264	0.520068	0.571429	0.506908	0.601222	0.578166	0.578764	0.564559	0.619778	0.608963	0.639474	0.571429	0.616197	0.547682	0.610009	0.579084	0.591782	0.035058
recall0	0.947322	0.954768	0.948146	0.957805	0.951390	0.941566	0.945327	0.951021	0.937859	0.949434	0.958245	0.951031	0.938686	0.940642	0.942536	0.949505	0.940427	0.943592	0.944937	0.945229	0.938024	0.951489	0.942814	0.946096	0.946417	0.942661	0.945618	0.943220	0.943057	0.941855	0.943293	0.945809	0.945651	0.931622	0.938704	0.954488	0.950249	0.956816	0.944257	0.951262	0.949737	0.951645	0.940933	0.947060	0.938554	0.945696	0.942454	0.956022	0.943165	0.949562	0.946154	0.005675
recall_macro	0.763274	0.751398	0.761261	0.739460	0.755499	0.785809	0.790688	0.753002	0.788773	0.774633	0.733388	0.757915	0.782053	0.787153	0.765489	0.754770	0.771529	0.771619	0.767723	0.767832	0.765564	0.766081	0.770177	0.778765	0.786027	0.784816	0.759394	0.774925	0.786717	0.772984	0.778833	0.782230	0.766893	0.798427	0.785484	0.737278	0.760839	0.731862	0.772739	0.764714	0.764251	0.758102	0.780356	0.778011	0.789014	0.758562	0.779326	0.751852	0.776587	0.764323	0.768968	0.015076
precision1	0.609259	0.639000	0.617375	0.647429	0.617272	0.605063	0.626815	0.622951	0.596591	0.641071	0.641550	0.621986	0.603574	0.596105	0.593640	0.618371	0.590206	0.600707	0.603774	0.607878	0.581572	0.641597	0.597540	0.632933	0.633162	0.609362	0.602013	0.597529	0.611584	0.603080	0.606926	0.605239	0.615794	0.586050	0.598031	0.626543	0.617450	0.629828	0.607048	0.629278	0.623243	0.620352	0.606845	0.620412	0.597052	0.603291	0.602929	0.640082	0.608958	0.624418	0.613615	0.015815
precision0	0.940746	0.935314	0.938624	0.930803	0.939099	0.947124	0.947342	0.936128	0.947694	0.940326	0.929910	0.938718	0.943785	0.948908	0.941360	0.936596	0.943254	0.943356	0.941997	0.941345	0.940733	0.938166	0.942814	0.941235	0.944758	0.946563	0.939161	0.945221	0.947197	0.942091	0.944945	0.948632	0.939401	0.950307	0.946519	0.931254	0.940400	0.930493	0.942961	0.940334	0.940099	0.939815	0.943892	0.944583	0.948145	0.938532	0.945404	0.936712	0.943401	0.939683	0.941518	0.004807
precision_macro	0.775003	0.787157	0.777999	0.789116	0.778186	0.776094	0.787078	0.779540	0.772143	0.790699	0.785730	0.780352	0.773680	0.772506	0.767500	0.777484	0.766730	0.772031	0.772885	0.774612	0.761153	0.789882	0.770177	0.787084	0.788960	0.777962	0.770587	0.771375	0.779391	0.772585	0.775936	0.776936	0.777598	0.768178	0.772275	0.778899	0.778925	0.780161	0.775005	0.784806	0.781671	0.780084	0.775369	0.782497	0.772598	0.770911	0.774166	0.788397	0.776179	0.782050	0.777566	0.006631
f1score1	0.593863	0.590028	0.595100	0.577445	0.587028	0.617305	0.631398	0.587006	0.617388	0.619767	0.567349	0.592015	0.614303	0.614311	0.591029	0.587759	0.596354	0.600177	0.597068	0.599030	0.587281	0.609616	0.597540	0.621997	0.629377	0.618041	0.587238	0.602045	0.620839	0.603596	0.610627	0.611872	0.601647	0.623136	0.614671	0.568362	0.593548	0.561722	0.604121	0.602640	0.600181	0.591142	0.613243	0.614634	0.617535	0.586928	0.609491	0.590288	0.609483	0.600897	0.601589	0.015465
f1score0	0.944023	0.944940	0.943361	0.944111	0.945205	0.944337	0.946334	0.943516	0.942751	0.944858	0.943865	0.944834	0.941228	0.944757	0.941948	0.943006	0.941839	0.943474	0.943464	0.943283	0.939377	0.944781	0.942814	0.943659	0.945587	0.944608	0.942378	0.944219	0.945122	0.941973	0.944118	0.947218	0.942516	0.940871	0.942595	0.942728	0.945299	0.943471	0.943608	0.945766	0.944894	0.945693	0.942410	0.945820	0.943325	0.942100	0.943927	0.946268	0.943283	0.944597	0.943803	0.001510
f1score_macro	0.768943	0.767484	0.769231	0.760778	0.766116	0.780821	0.788866	0.765261	0.780069	0.782313	0.755607	0.768424	0.777766	0.779534	0.766488	0.765383	0.769096	0.771825	0.770266	0.771156	0.763329	0.777198	0.770177	0.782828	0.787482	0.781324	0.764808	0.773132	0.782981	0.772784	0.777373	0.779545	0.772081	0.782004	0.778633	0.755545	0.769424	0.752597	0.773865	0.774203	0.772537	0.768418	0.777827	0.780227	0.780430	0.764514	0.776709	0.768278	0.776383	0.772747	0.772696	0.007905
roc_auc	0.763274	0.751398	0.761261	0.739460	0.755499	0.785809	0.790688	0.753002	0.788773	0.774633	0.733388	0.757915	0.782053	0.787153	0.765489	0.754770	0.771529	0.771619	0.767723	0.767832	0.765564	0.766081	0.770177	0.778765	0.786027	0.784816	0.759394	0.774925	0.786717	0.772984	0.778833	0.782230	0.766893	0.798427	0.785484	0.737278	0.760839	0.731862	0.772739	0.764714	0.764251	0.758102	0.780356	0.778011	0.789014	0.758562	0.779326	0.751852	0.776587	0.764323	0.768968	0.015076
mcc	0.538149	0.537366	0.539001	0.526238	0.533202	0.561819	0.577755	0.531880	0.560669	0.565104	0.516473	0.537799	0.555670	0.559467	0.532985	0.531769	0.538238	0.543651	0.540584	0.542401	0.526698	0.555453	0.540354	0.565788	0.574979	0.562736	0.529863	0.546289	0.566060	0.545569	0.554761	0.559141	0.544386	0.565797	0.557602	0.514496	0.539461	0.509740	0.547739	0.549152	0.545644	0.537737	0.555702	0.560491	0.561372	0.529330	0.553468	0.539011	0.552766	0.546085	0.546158	0.015045
spd	0.137919	0.154816	0.188346	0.116179	0.118444	0.105746	0.147457	0.150983	0.112027	0.137184	0.080091	0.178910	0.224465	0.165118	0.138789	0.086054	0.171468	0.116473	0.179566	0.120457	0.127125	0.162434	0.188197	0.132100	0.135342	0.147514	0.083586	0.186863	0.186827	0.117101	0.123154	0.108631	0.128564	0.110948	0.122218	0.165856	0.078574	0.190539	0.112852	0.195292	0.157850	0.204285	0.114593	0.152729	0.148345	0.126816	0.146710	0.113024	0.165599	0.131795	0.141919	0.033584

aod	0.133533	0.120894	0.157018	0.084490	0.056464	0.038901	0.095120	0.096912	0.080900	0.079735	0.038930	0.126238	0.176085	0.099416	0.088830	0.047997	0.136489	0.087569	0.148157	0.094250	0.067846	0.160372	0.136547	0.086037	0.053107	0.067348	0.040673	0.147931	0.100901	0.061492	0.033384	0.096895	0.084826	0.059602	0.064723	0.146151	0.023810	0.180557	0.066996	0.117076	0.078310	0.194089	0.066975	0.091880	0.063444	0.086780	0.079571	0.081142	0.116017	0.057469	0.093998	0.040380
eod	0.184080	0.170728	0.183843	0.097620	0.042669	0.025469	0.090404	0.090625	0.100813	0.076180	0.026039	0.113444	0.214246	0.123448	0.100154	0.057934	0.159741	0.120594	0.181440	0.114545	0.030294	0.208070	0.143352	0.120566	0.032372	0.016706	0.027259	0.184269	0.098042	0.053730	0.019119	0.124262	0.082297	0.056855	0.075026	0.190982	0.015580	0.261623	0.046562	0.108972	0.103496	0.255423	0.042916	0.096104	0.039714	0.087273	0.046342	0.112266	0.117697	0.038462	0.102193	0.062923
erd	0.058048	0.062124	0.097415	0.072554	0.086897	0.085068	0.087058	0.100238	0.051727	0.082783	0.089740	0.120642	0.090474	0.067926	0.075400	0.051654	0.086752	0.048992	0.085699	0.063168	0.102912	0.075238	0.105175	0.048964	0.087950	0.117986	0.081824	0.082009	0.097270	0.074508	0.079044	0.054288	0.081246	0.060167	0.058771	0.079408	0.058267	0.067300	0.083745	0.118040	0.072523	0.087527	0.110584	0.083803	0.094099	0.080992	0.108085	0.055090	0.095563	0.094106	0.081217	0.018589
