accuracy	0.804380	0.807749	0.787534	0.784586	0.794062	0.791746	0.810276	0.779954	0.810065	0.799747	0.794904	0.797431	0.786271	0.769004	0.794904	0.805012	0.770899	0.800379	0.777848	0.787955	0.800379	0.784797	0.786692	0.796378	0.781638	0.810065	0.789850	0.773637	0.786271	0.796799	0.789850	0.801642	0.791535	0.783323	0.774900	0.793220	0.788587	0.791535	0.804169	0.795115	0.776374	0.783955	0.796799	0.790903	0.793641	0.773847	0.799116	0.796589	0.798063	0.789008	0.791468	0.010258
recall1	0.714106	0.702934	0.741975	0.737665	0.733417	0.715356	0.731893	0.743873	0.737028	0.719603	0.740926	0.735758	0.718978	0.772947	0.746803	0.734820	0.791027	0.727848	0.745547	0.718447	0.713021	0.731325	0.749370	0.718009	0.744630	0.731971	0.742462	0.765075	0.724010	0.712687	0.736330	0.752488	0.779204	0.754765	0.752675	0.719953	0.755528	0.730337	0.750577	0.758025	0.778813	0.758665	0.742054	0.734300	0.737662	0.749020	0.734793	0.751238	0.727491	0.763770	0.740224	0.018591
recall0	0.822503	0.829560	0.796903	0.794538	0.806329	0.807244	0.825846	0.787440	0.825942	0.816130	0.805823	0.810398	0.800357	0.768171	0.804386	0.819381	0.766530	0.814852	0.784254	0.802548	0.817837	0.796121	0.794185	0.813316	0.789568	0.826653	0.799393	0.775360	0.799036	0.813942	0.801070	0.811660	0.793955	0.788995	0.779683	0.809353	0.795426	0.803951	0.816122	0.802742	0.775835	0.788917	0.808191	0.802856	0.804473	0.778614	0.812580	0.805887	0.813075	0.794252	0.802044	0.014919
recall_macro	0.768304	0.766247	0.769439	0.766102	0.769873	0.761300	0.778869	0.765656	0.781485	0.767866	0.773374	0.773078	0.759667	0.770559	0.775595	0.777101	0.778779	0.771350	0.764901	0.760497	0.765429	0.763723	0.771777	0.765663	0.767099	0.779312	0.770928	0.770218	0.761523	0.763314	0.768700	0.782074	0.786579	0.771880	0.766179	0.764653	0.775477	0.767144	0.783349	0.780383	0.777324	0.773791	0.775123	0.768578	0.771068	0.763817	0.773686	0.778562	0.770283	0.779011	0.771134	0.006442
precision1	0.446809	0.461847	0.428979	0.432299	0.433753	0.429535	0.454976	0.420651	0.479294	0.444444	0.435614	0.449297	0.429818	0.413170	0.429412	0.454406	0.423782	0.439602	0.406662	0.433065	0.438911	0.431721	0.422285	0.453933	0.431237	0.472826	0.427023	0.406814	0.424837	0.438409	0.436914	0.448813	0.425965	0.415385	0.423695	0.454010	0.433099	0.430464	0.476540	0.441409	0.434134	0.413576	0.445996	0.440261	0.421991	0.393814	0.450746	0.442420	0.452915	0.435450	0.436260	0.017079
precision0	0.934770	0.930651	0.937575	0.934554	0.937316	0.933236	0.939420	0.936782	0.935269	0.934379	0.938938	0.935845	0.931535	0.941250	0.941576	0.937863	0.944129	0.937518	0.939541	0.931402	0.934469	0.933293	0.940419	0.930287	0.935191	0.935568	0.939079	0.942497	0.933867	0.932888	0.935455	0.941488	0.948255	0.941850	0.936098	0.929204	0.940222	0.936283	0.936189	0.941632	0.940773	0.943373	0.937721	0.934679	0.940641	0.941712	0.936052	0.940480	0.933451	0.941797	0.937369	0.003985
precision_macro	0.690789	0.696249	0.683277	0.683427	0.685534	0.681385	0.697198	0.678717	0.707281	0.689412	0.687276	0.692571	0.680677	0.677210	0.685494	0.696135	0.683956	0.688560	0.673101	0.682233	0.686690	0.682507	0.681352	0.692110	0.683214	0.704197	0.683051	0.674655	0.679352	0.685648	0.686185	0.695150	0.687110	0.678617	0.679897	0.691607	0.686660	0.683373	0.706364	0.691520	0.687453	0.678475	0.691858	0.687470	0.681316	0.667763	0.693399	0.691450	0.693183	0.688624	0.686815	0.007828
f1score1	0.549685	0.557441	0.543645	0.545131	0.545116	0.536768	0.561130	0.537406	0.580855	0.549503	0.548656	0.557904	0.538006	0.538494	0.545285	0.561553	0.551895	0.548141	0.526269	0.540393	0.543353	0.542934	0.540172	0.556218	0.546171	0.574528	0.542202	0.531182	0.535469	0.542871	0.548416	0.562268	0.550817	0.535859	0.542184	0.556859	0.550582	0.541667	0.582960	0.557928	0.557500	0.535326	0.557136	0.550475	0.536862	0.516216	0.558742	0.556881	0.558268	0.554667	0.548600	0.012384
f1score0	0.875050	0.877202	0.861534	0.858877	0.866903	0.865680	0.878979	0.855643	0.877212	0.871260	0.867302	0.868615	0.860978	0.845949	0.867591	0.874628	0.846110	0.871892	0.854903	0.862187	0.872272	0.859267	0.861138	0.867878	0.856232	0.877745	0.863624	0.850798	0.861206	0.869365	0.863063	0.871767	0.864272	0.858673	0.850761	0.865147	0.861784	0.865086	0.872042	0.866658	0.850380	0.859259	0.868151	0.863767	0.867245	0.852432	0.869956	0.867997	0.869114	0.861755	0.864347	0.007984
f1score_macro	0.712368	0.717322	0.702590	0.702004	0.706009	0.701224	0.720055	0.696524	0.729034	0.710381	0.707979	0.713260	0.699492	0.692221	0.706438	0.718090	0.699002	0.710016	0.690586	0.701290	0.707812	0.701101	0.700655	0.712048	0.701201	0.726136	0.702913	0.690990	0.698338	0.706118	0.705739	0.717017	0.707544	0.697266	0.696473	0.711003	0.706183	0.703376	0.727501	0.712293	0.703940	0.697293	0.712644	0.707121	0.702053	0.684324	0.714349	0.712439	0.713691	0.708211	0.706473	0.009198
roc_auc	0.768304	0.766247	0.769439	0.766102	0.769873	0.761300	0.778869	0.765656	0.781485	0.767866	0.773374	0.773078	0.759667	0.770559	0.775595	0.777101	0.778779	0.771350	0.764901	0.760497	0.765429	0.763723	0.771777	0.765663	0.767099	0.779312	0.770928	0.770218	0.761523	0.763314	0.768700	0.782074	0.786579	0.771880	0.766179	0.764653	0.775477	0.767144	0.783349	0.780383	0.777324	0.773791	0.775123	0.768578	0.771068	0.763817	0.773686	0.778562	0.770283	0.779011	0.771134	0.006442
mcc	0.452502	0.457168	0.444441	0.441860	0.447530	0.435413	0.469010	0.435785	0.483101	0.450497	0.452533	0.458636	0.433201	0.437930	0.452199	0.466257	0.452914	0.452397	0.428274	0.435758	0.445210	0.438778	0.444016	0.451825	0.442431	0.477639	0.445392	0.434488	0.433149	0.442194	0.447338	0.469241	0.463128	0.440738	0.437651	0.450375	0.453522	0.442661	0.483625	0.463461	0.456006	0.442107	0.459498	0.448778	0.443391	0.420756	0.460133	0.461869	0.457007	0.458816	0.450053	0.013222
spd	0.120714	0.111002	0.107386	0.141962	0.133412	0.116255	0.116919	0.135047	0.141087	0.100315	0.119475	0.151649	0.098486	0.108084	0.129959	0.130729	0.153888	0.119231	0.067715	0.133560	0.143628	0.107510	0.114082	0.115364	0.157985	0.146821	0.127956	0.165883	0.122773	0.112972	0.159628	0.124584	0.142110	0.110038	0.142803	0.123230	0.118847	0.126171	0.121608	0.105452	0.109306	0.141228	0.129367	0.112811	0.129363	0.151941	0.124980	0.137856	0.143956	0.130344	0.126749	0.018196

aod	0.044071	0.034898	0.024830	0.062269	0.059246	0.043237	0.031901	0.065766	0.064997	0.027447	0.058335	0.074159	0.023253	0.025751	0.063251	0.070860	0.077792	0.042148	0.037728	0.053240	0.064992	0.037254	0.033211	0.050365	0.067551	0.072673	0.055877	0.070462	0.039421	0.037172	0.078458	0.046930	0.043367	0.039112	0.054641	0.042225	0.036529	0.049155	0.035356	0.030565	0.025464	0.043656	0.051103	0.026049	0.044640	0.067387	0.057989	0.049105	0.062172	0.054542	0.049052	0.015393
eod	0.018376	0.022203	0.000245	0.030982	0.033252	0.029240	0.011327	0.055518	0.064096	0.016397	0.064063	0.057131	0.008687	0.001331	0.052807	0.077957	0.059525	0.013707	0.059471	0.025287	0.050874	0.017004	0.003809	0.054597	0.039572	0.067208	0.038983	0.035996	0.005911	0.018394	0.057033	0.023436	0.010666	0.030822	0.015503	0.012428	0.018864	0.034479	0.010363	0.013257	0.010070	0.001687	0.034307	0.002116	0.022989	0.037887	0.054462	0.014771	0.038458	0.045423	0.030459	0.020677
erd	0.064673	0.049794	0.046021	0.086862	0.070133	0.051575	0.051905	0.054756	0.050810	0.039519	0.037822	0.070516	0.038697	0.038901	0.056142	0.045870	0.060353	0.069189	0.028156	0.069678	0.067588	0.056524	0.054284	0.037879	0.073262	0.060761	0.057064	0.077610	0.065741	0.053519	0.076040	0.058641	0.060203	0.036201	0.079919	0.070104	0.044487	0.053616	0.053221	0.045849	0.033109	0.071644	0.055605	0.048940	0.057505	0.074840	0.047578	0.069934	0.070793	0.045663	0.056790	0.013433
