accuracy	0.889253	0.899858	0.882366	0.883350	0.899858	0.898655	0.882147	0.889363	0.886302	0.878211	0.879305	0.890128	0.892752	0.901060	0.894610	0.887723	0.884224	0.895813	0.884115	0.896687	0.895048	0.880070	0.896906	0.896359	0.884224	0.886083	0.896031	0.891112	0.900077	0.895048	0.901170	0.200394	0.884224	0.210779	0.898983	0.885974	0.891221	0.898546	0.206625	0.890237	0.899202	0.898109	0.882475	0.891986	0.889144	0.883896	0.887395	0.890019	0.885536	0.887285	0.849599	0.162747
recall1	0.171655	0.347341	0.102322	0.156250	0.328292	0.340949	0.097920	0.188144	0.140992	0.104428	0.098976	0.176883	0.350168	0.373537	0.341506	0.208405	0.117544	0.304233	0.116872	0.322609	0.312931	0.126891	0.335677	0.373654	0.157046	0.126970	0.307491	0.210573	0.401229	0.341045	0.425066	0.999077	0.156780	1.000000	0.364267	0.150299	0.163265	0.352332	0.999127	0.204367	0.384682	0.302760	0.122762	0.192443	0.178947	0.142857	0.133803	0.180227	0.140638	0.171997	0.276965	0.207531
recall0	0.991012	0.980579	0.995992	0.991461	0.979933	0.977900	0.995371	0.991607	0.993373	0.994717	0.993981	0.991880	0.973740	0.973992	0.973517	0.986969	0.993381	0.979533	0.993133	0.979242	0.979592	0.992711	0.976651	0.975819	0.991718	0.994379	0.980498	0.985680	0.971029	0.976065	0.969023	0.093130	0.991967	0.095930	0.976107	0.993982	0.993516	0.977719	0.093113	0.988378	0.973118	0.981431	0.994231	0.991385	0.990259	0.990991	0.994258	0.991379	0.993615	0.990864	0.932397	0.211951
recall_macro	0.581334	0.663960	0.549157	0.573855	0.654112	0.659424	0.546646	0.589876	0.567183	0.549572	0.546479	0.584381	0.661954	0.673765	0.657511	0.597687	0.555462	0.641883	0.555002	0.650925	0.646261	0.559801	0.656164	0.674736	0.574382	0.560674	0.643994	0.598127	0.686129	0.658555	0.697044	0.546103	0.574373	0.547965	0.670187	0.572140	0.578391	0.665025	0.546120	0.596372	0.678900	0.642096	0.558497	0.591914	0.584603	0.566924	0.564030	0.585803	0.567127	0.581430	0.604681	0.047795
precision1	0.730337	0.723214	0.788079	0.731225	0.696226	0.686726	0.753333	0.765734	0.753488	0.748503	0.707317	0.756554	0.665600	0.665064	0.647841	0.700288	0.716578	0.677800	0.707447	0.690875	0.690114	0.722488	0.671353	0.701400	0.737052	0.763158	0.693517	0.671429	0.663280	0.675722	0.661664	0.128886	0.742972	0.138647	0.687398	0.785714	0.779661	0.696246	0.136293	0.715596	0.672755	0.695297	0.757895	0.760417	0.723404	0.696203	0.767677	0.749091	0.761682	0.731618	0.681817	0.142947
precision0	0.894032	0.911378	0.883948	0.887677	0.912382	0.912608	0.884295	0.893353	0.889498	0.880624	0.882445	0.894144	0.909411	0.918339	0.911995	0.895114	0.887723	0.908659	0.887822	0.909524	0.907551	0.883755	0.911868	0.911101	0.888377	0.888690	0.907965	0.899852	0.919366	0.910143	0.922035	0.998670	0.888177	1.000000	0.914128	0.888490	0.894176	0.912393	0.998660	0.896712	0.916726	0.909563	0.885118	0.896264	0.894416	0.888889	0.890044	0.894387	0.888503	0.892056	0.905061	0.026414
precision_macro	0.812184	0.817296	0.836014	0.809451	0.804304	0.799667	0.818814	0.829544	0.821493	0.814563	0.794881	0.825349	0.787505	0.791701	0.779918	0.797701	0.802150	0.793230	0.797635	0.800200	0.798833	0.803121	0.791610	0.806250	0.812714	0.825924	0.800741	0.785640	0.791323	0.792932	0.791850	0.563778	0.815575	0.569323	0.800763	0.837102	0.836918	0.804320	0.567476	0.806154	0.794740	0.802430	0.821506	0.828340	0.808910	0.792546	0.828860	0.821739	0.825093	0.811837	0.793439	0.058981
f1score1	0.277976	0.469293	0.181126	0.257481	0.446191	0.455666	0.173313	0.302069	0.237537	0.183284	0.173653	0.286728	0.458908	0.478386	0.447248	0.321216	0.201959	0.419963	0.200603	0.439834	0.430605	0.215868	0.447569	0.487568	0.258922	0.217718	0.426071	0.320600	0.500000	0.453303	0.517609	0.228318	0.258922	0.243529	0.476190	0.252330	0.269993	0.467890	0.239866	0.317935	0.489480	0.421836	0.211299	0.307153	0.286920	0.237069	0.227886	0.290550	0.237436	0.278516	0.328628	0.109326
f1score0	0.940027	0.944713	0.936631	0.936703	0.944952	0.944126	0.936551	0.939919	0.938571	0.934200	0.934898	0.940480	0.940477	0.945347	0.941752	0.938800	0.937585	0.942766	0.937529	0.943096	0.942197	0.935070	0.943148	0.942350	0.937207	0.938569	0.942838	0.940813	0.944492	0.941952	0.944945	0.170372	0.937207	0.175066	0.944102	0.938280	0.941232	0.943927	0.170344	0.940316	0.944081	0.944131	0.936507	0.941428	0.939900	0.937167	0.939269	0.940389	0.938124	0.938867	0.894268	0.182521
f1score_macro	0.609001	0.707003	0.558879	0.597092	0.695571	0.699896	0.554932	0.620994	0.588054	0.558742	0.554275	0.613604	0.699692	0.711867	0.694500	0.630008	0.569772	0.681365	0.569066	0.691465	0.686401	0.575469	0.695359	0.714959	0.598065	0.578143	0.684455	0.630707	0.722246	0.697627	0.731277	0.199345	0.598065	0.209297	0.710146	0.595305	0.605612	0.705909	0.205105	0.629126	0.716780	0.682984	0.573903	0.624290	0.613410	0.587118	0.583577	0.615469	0.587780	0.608692	0.611448	0.116482
roc_auc	0.581334	0.663960	0.549157	0.573855	0.654112	0.659424	0.546646	0.589876	0.567183	0.549572	0.546479	0.584381	0.661954	0.673765	0.657511	0.597687	0.555462	0.641883	0.555002	0.650925	0.646261	0.559801	0.656164	0.674736	0.574382	0.560674	0.643994	0.598127	0.686129	0.658555	0.697044	0.546103	0.574373	0.547965	0.670187	0.572140	0.578391	0.665025	0.546120	0.596372	0.678900	0.642096	0.558497	0.591914	0.584603	0.566924	0.564030	0.585803	0.567127	0.581430	0.604681	0.047795
mcc	0.318692	0.456175	0.257040	0.302355	0.433115	0.437146	0.243896	0.344197	0.293931	0.249749	0.234142	0.331381	0.431568	0.450277	0.419954	0.341066	0.258905	0.407943	0.255895	0.425712	0.418128	0.269272	0.426798	0.462657	0.305026	0.281249	0.416197	0.334837	0.465720	0.431026	0.479614	0.108451	0.306400	0.115327	0.452486	0.311889	0.325031	0.448199	0.111571	0.343539	0.459256	0.414603	0.274278	0.347442	0.323325	0.279845	0.290221	0.332303	0.295449	0.318703	0.340840	0.092442
spd	0.051512	0.086859	0.021244	0.043487	0.076345	0.063686	0.011044	0.047403	0.029799	0.016044	0.011082	0.032414	0.053331	0.080833	0.088831	0.065450	0.021068	0.062719	0.032012	0.068698	0.077517	0.019217	0.097957	0.077526	0.016147	0.036901	0.050136	0.049831	0.137663	0.058044	0.109386	0.084494	0.042703	0.086329	0.085395	0.034627	0.034924	0.066592	0.083952	0.046112	0.063066	0.081805	0.018207	0.036190	0.038725	0.018766	0.025955	0.047535	0.037633	0.039327	0.053330	0.028022

aod	0.092616	0.086676	0.012872	0.074981	0.067713	0.034653	0.005450	0.048313	0.046174	0.014285	0.002806	0.039398	0.040786	0.050697	0.095327	0.098748	0.022683	0.072005	0.036052	0.075744	0.105593	0.028754	0.117140	0.064383	0.012083	0.050392	0.049594	0.048607	0.118958	0.045828	0.080296	0.048260	0.066681	0.049305	0.075766	0.042892	0.042737	0.030462	0.048285	0.034666	0.016783	0.095256	0.018896	0.031221	0.035819	0.032262	0.039095	0.061645	0.047358	0.039729	0.051935	0.028340
eod	0.176188	0.161232	0.013674	0.149177	0.110965	0.056253	0.005589	0.081989	0.089554	0.028155	0.002325	0.076606	0.075790	0.084453	0.167283	0.184436	0.042475	0.130798	0.061115	0.122727	0.183059	0.055439	0.208658	0.116185	0.015681	0.091818	0.093030	0.084500	0.194392	0.076552	0.142235	0.000961	0.126801	0.000000	0.127167	0.081751	0.082352	0.034204	0.000911	0.066667	0.022558	0.161581	0.036927	0.060761	0.071270	0.060000	0.077353	0.116277	0.085571	0.078571	0.087480	0.055317
erd	0.030467	0.046828	0.087151	0.038919	0.063975	0.076931	0.082138	0.074128	0.048774	0.083652	0.089933	0.057677	0.053166	0.073727	0.048084	0.039183	0.072222	0.043700	0.079070	0.047018	0.033233	0.043597	0.040408	0.051328	0.094708	0.065334	0.045875	0.074912	0.066195	0.055135	0.057516	0.031195	0.045843	0.002835	0.057644	0.066133	0.064760	0.084894	0.023384	0.096037	0.115449	0.050908	0.073012	0.078488	0.085519	0.050850	0.056958	0.060336	0.067378	0.082117	0.061175	0.021091
