accuracy	0.645597	0.666126	0.654781	0.659103	0.668828	0.658023	0.668828	0.661804	0.667207	0.657482	0.667207	0.668287	0.663965	0.682334	0.675311	0.655862	0.663965	0.668287	0.655321	0.654781	0.661264	0.648298	0.669368	0.663425	0.649379	0.660184	0.627229	0.670989	0.655862	0.654781	0.645597	0.674770	0.648838	0.665586	0.646137	0.651540	0.639654	0.663965	0.668828	0.653701	0.665586	0.663965	0.672609	0.667207	0.655321	0.679092	0.666126	0.661804	0.663965	0.660724	0.660778	0.010167
recall1	0.592668	0.625128	0.666667	0.677323	0.758517	0.632530	0.666335	0.705323	0.646414	0.668633	0.665683	0.680915	0.661100	0.736125	0.744848	0.649299	0.744000	0.653846	0.658189	0.595166	0.702107	0.626588	0.670233	0.658892	0.669903	0.661721	0.657115	0.702488	0.648968	0.682041	0.662096	0.743487	0.633235	0.753535	0.649901	0.703777	0.654599	0.631021	0.785495	0.620192	0.706237	0.669903	0.765810	0.725176	0.610376	0.680915	0.671860	0.587286	0.734000	0.700493	0.675963	0.046119
recall0	0.705409	0.712156	0.640193	0.637647	0.563892	0.687719	0.671783	0.604506	0.691854	0.643885	0.669065	0.653254	0.667467	0.615291	0.590144	0.663540	0.569918	0.685783	0.652074	0.723776	0.608426	0.675121	0.668287	0.669100	0.623630	0.658333	0.591180	0.633570	0.664269	0.621394	0.625301	0.594373	0.667866	0.564460	0.641577	0.589349	0.621230	0.706027	0.537844	0.696671	0.618436	0.656516	0.560191	0.599532	0.706221	0.676923	0.658981	0.747674	0.581669	0.612440	0.642519	0.046898
recall_macro	0.649038	0.668642	0.653430	0.657485	0.661205	0.660125	0.669059	0.654914	0.669134	0.656259	0.667374	0.667084	0.664284	0.675708	0.667496	0.656420	0.656959	0.669814	0.655131	0.659471	0.655267	0.650855	0.669260	0.663996	0.646766	0.660027	0.624147	0.668029	0.656618	0.651718	0.643699	0.668930	0.650550	0.658998	0.645739	0.646563	0.637915	0.668524	0.661670	0.658432	0.662337	0.663210	0.663000	0.662354	0.658299	0.678919	0.665420	0.667480	0.657834	0.656466	0.659241	0.009677
precision1	0.694511	0.709154	0.694586	0.687627	0.670505	0.702341	0.706441	0.701323	0.713187	0.696008	0.710388	0.700409	0.708421	0.704567	0.690000	0.693048	0.670270	0.715983	0.681770	0.713768	0.698761	0.704396	0.716216	0.713684	0.690691	0.699791	0.659722	0.694882	0.702128	0.688119	0.684904	0.681985	0.699240	0.665477	0.687174	0.671090	0.680570	0.732662	0.656143	0.723906	0.682216	0.709877	0.677448	0.678873	0.701754	0.715031	0.710608	0.728411	0.673394	0.686957	0.695608	0.017252
precision0	0.605133	0.628543	0.610092	0.626590	0.666205	0.616352	0.629425	0.609079	0.622742	0.614416	0.621381	0.632302	0.617092	0.651671	0.653795	0.617904	0.654521	0.620541	0.627494	0.607038	0.612219	0.594049	0.618673	0.610433	0.600939	0.617877	0.588375	0.641916	0.608123	0.614744	0.600694	0.664482	0.598925	0.665753	0.602018	0.625628	0.593318	0.599791	0.690722	0.588542	0.644769	0.613197	0.664781	0.651399	0.615462	0.640538	0.617045	0.611217	0.650460	0.627451	0.624117	0.022835
precision_macro	0.649822	0.668848	0.652339	0.657108	0.668355	0.659347	0.667933	0.655201	0.667964	0.655212	0.665885	0.666356	0.662757	0.678119	0.671897	0.655476	0.662396	0.668262	0.654632	0.660403	0.655490	0.649222	0.667444	0.662059	0.645815	0.658834	0.624049	0.668399	0.655125	0.651432	0.642799	0.673234	0.649082	0.665615	0.644596	0.648359	0.636944	0.666227	0.673432	0.656224	0.663492	0.661537	0.671114	0.665136	0.658608	0.677784	0.663827	0.669814	0.661927	0.657204	0.659863	0.010383
f1score1	0.639560	0.664495	0.680340	0.682436	0.711801	0.665610	0.685802	0.703318	0.678161	0.682046	0.687310	0.690524	0.683943	0.720000	0.716376	0.670460	0.705213	0.683505	0.669772	0.649094	0.700430	0.663218	0.692462	0.685195	0.680138	0.680224	0.658416	0.698664	0.674502	0.685067	0.673307	0.711409	0.664603	0.706774	0.668018	0.687045	0.667332	0.678054	0.715016	0.668048	0.694019	0.689311	0.718924	0.701261	0.652884	0.697556	0.690691	0.650279	0.702392	0.693659	0.684373	0.019012
f1score0	0.651435	0.667742	0.624780	0.632070	0.610794	0.650083	0.649914	0.606784	0.655481	0.628806	0.644342	0.642608	0.641292	0.632959	0.620341	0.639910	0.609296	0.651532	0.639548	0.660287	0.610317	0.631995	0.642523	0.638421	0.612074	0.637464	0.589774	0.637716	0.634957	0.618051	0.612751	0.627475	0.631519	0.610937	0.621168	0.606947	0.606953	0.648588	0.604771	0.638058	0.631328	0.634118	0.608021	0.624390	0.657725	0.658228	0.637324	0.672594	0.614144	0.619855	0.631604	0.018307
f1score_macro	0.645498	0.666119	0.652560	0.657253	0.661297	0.657847	0.667858	0.655051	0.666821	0.655426	0.665826	0.666566	0.662617	0.676479	0.668358	0.655185	0.657255	0.667519	0.654660	0.654690	0.655373	0.647607	0.667493	0.661808	0.646106	0.658844	0.624095	0.668190	0.654729	0.651559	0.643029	0.669442	0.648061	0.658855	0.644593	0.646996	0.637143	0.663321	0.659894	0.653053	0.662673	0.661714	0.663472	0.662826	0.655304	0.677892	0.664007	0.661437	0.658268	0.656757	0.657989	0.009628
roc_auc	0.649038	0.668642	0.653430	0.657485	0.661205	0.660125	0.669059	0.654914	0.669134	0.656259	0.667374	0.667084	0.664284	0.675708	0.667496	0.656420	0.656959	0.669814	0.655131	0.659471	0.655267	0.650855	0.669260	0.663996	0.646766	0.660027	0.624147	0.668029	0.656618	0.651718	0.643699	0.668930	0.650550	0.658998	0.645739	0.646563	0.637915	0.668524	0.661670	0.658432	0.662337	0.663210	0.663000	0.662354	0.658299	0.678919	0.665420	0.667480	0.657834	0.656466	0.659241	0.009677
mcc	0.298859	0.337490	0.305767	0.314593	0.329482	0.319470	0.336990	0.310116	0.337096	0.311470	0.333255	0.333439	0.327037	0.353819	0.339365	0.311894	0.319308	0.338072	0.309763	0.319873	0.310757	0.300072	0.336700	0.326049	0.292580	0.318859	0.248196	0.336427	0.311740	0.303149	0.286496	0.342137	0.299629	0.324546	0.290333	0.294917	0.274857	0.334743	0.334896	0.314647	0.325827	0.324742	0.334016	0.327478	0.316907	0.356701	0.329243	0.337286	0.319735	0.313669	0.319090	0.019844
spd	0.032349	0.108583	0.117227	0.101380	0.095835	0.089455	0.080204	0.138841	0.198969	0.053052	0.102585	0.082778	0.139411	0.042460	0.137426	0.051938	0.053121	0.082285	0.070467	0.029442	0.114129	0.121937	0.066859	0.084792	0.089294	0.145715	0.090887	0.133317	0.041667	0.113683	0.093560	0.070185	0.112797	0.134634	0.065669	0.085454	0.092265	0.126048	0.099151	0.139614	0.136601	0.139716	0.138386	0.057988	0.050127	0.093787	0.113782	0.074654	0.067463	0.125315	0.096546	0.035164

aod	0.008298	0.065288	0.097816	0.065963	0.044608	0.053381	0.033914	0.109611	0.160152	0.037135	0.068717	0.039818	0.110678	0.029450	0.103483	0.087837	0.017536	0.043697	0.034316	0.020106	0.091276	0.095560	0.063082	0.051556	0.057880	0.102417	0.073148	0.088869	0.065240	0.085943	0.065726	0.036952	0.090275	0.093693	0.091439	0.054383	0.070986	0.069764	0.075544	0.123905	0.110425	0.098957	0.116885	0.046366	0.014582	0.057642	0.082874	0.027826	0.049279	0.106911	0.069824	0.032163
eod	0.015496	0.022429	0.025501	0.021293	0.077634	0.025194	0.016863	0.086211	0.108748	0.016966	0.037295	0.017136	0.055871	0.022013	0.063662	0.054356	0.031558	0.005556	0.000383	0.025040	0.082279	0.042063	0.026570	0.004532	0.037943	0.107022	0.029102	0.095396	0.045976	0.046245	0.037978	0.003815	0.065817	0.058958	0.040739	0.010375	0.047854	0.087046	0.015263	0.091304	0.093329	0.102936	0.091732	0.013306	0.004971	0.036674	0.062943	0.040924	0.007876	0.066250	0.044528	0.031092
erd	0.025049	0.039265	0.043081	0.019824	0.083838	0.022225	0.008420	0.019756	0.011147	0.027930	0.013698	0.007656	0.024985	0.012553	0.008945	0.080847	0.035808	0.030125	0.024672	0.036772	0.019803	0.033341	0.051279	0.032660	0.001809	0.032214	0.018955	0.037353	0.061433	0.009678	0.005902	0.007853	0.008148	0.022161	0.075900	0.011175	0.003755	0.027929	0.017656	0.011876	0.013040	0.031860	0.014879	0.025699	0.017818	0.006815	0.001807	0.004900	0.020022	0.011058	0.024307	0.019073
