lr
SPD	0.102232	0.091995	0.081859	0.071484	0.061430	0.051129	0.040812	0.030478	0.020519	0.010292	0.000000
AOD	0.063675	0.057209	0.051162	0.044341	0.038455	0.032263	0.026160	0.019930	0.014489	0.008515	0.000000
EOD	0.087693	0.078701	0.070600	0.060882	0.053028	0.044683	0.036572	0.028027	0.020967	0.013020	0.000000
ERD	0.051932	0.057164	0.062210	0.067605	0.072687	0.077816	0.082877	0.088243	0.093390	0.098453	0.103684
Acc	0.846508	0.837023	0.827530	0.818019	0.808561	0.799079	0.789525	0.779999	0.770530	0.760994	0.751506
Mac-P	0.804643	0.797105	0.789927	0.783060	0.776589	0.770376	0.764338	0.758516	0.753218	0.747715	0.375753
Mac-R	0.763835	0.737475	0.711101	0.684693	0.658398	0.632063	0.605560	0.579146	0.552808	0.526368	0.500000
Mac-F1	0.780420	0.759036	0.735820	0.710457	0.682745	0.652087	0.617751	0.579363	0.536042	0.486358	0.429061
AUC	0.763835	0.737475	0.711101	0.684693	0.658398	0.632063	0.605560	0.579146	0.552808	0.526368	0.500000
MCC	0.567000	0.531232	0.494774	0.457277	0.418604	0.377903	0.334063	0.286051	0.231238	0.161581	0.000000
rf
SPD	0.100364	0.090320	0.080303	0.070224	0.060199	0.050319	0.040149	0.030064	0.020076	0.010145	0.000000
AOD	0.041538	0.038113	0.035087	0.031333	0.027930	0.024654	0.020752	0.016777	0.012846	0.008146	0.000000
EOD	0.036007	0.033841	0.032533	0.029647	0.027625	0.025677	0.022717	0.019471	0.016225	0.011512	0.000000
ERD	0.063131	0.067228	0.071211	0.075439	0.079369	0.083436	0.087401	0.091498	0.095660	0.099595	0.103684
Acc	0.842028	0.832969	0.823966	0.814878	0.805894	0.796847	0.787794	0.778668	0.769620	0.760533	0.751506
Mac-P	0.793251	0.785221	0.777711	0.770446	0.763769	0.757292	0.751174	0.745011	0.739489	0.733835	0.375753
Mac-R	0.768947	0.742049	0.715226	0.688287	0.661474	0.634602	0.607687	0.580710	0.553799	0.526850	0.500000
Mac-F1	0.779628	0.758981	0.736569	0.711867	0.684767	0.654563	0.620672	0.582279	0.538545	0.487992	0.429061
AUC	0.768947	0.742049	0.715226	0.688287	0.661474	0.634602	0.607687	0.580710	0.553799	0.526850	0.500000
MCC	0.561663	0.525489	0.488948	0.451302	0.412740	0.372175	0.328905	0.281220	0.226987	0.158426	0.000000
svm
SPD	0.097037	0.087324	0.077725	0.067870	0.058291	0.048549	0.038737	0.028941	0.019460	0.009760	0.000000
AOD	0.053423	0.047988	0.043093	0.037409	0.032709	0.027722	0.022827	0.017695	0.013194	0.008036	0.000000
EOD	0.069702	0.062520	0.056452	0.048763	0.043082	0.036832	0.030920	0.024305	0.018909	0.012317	0.000000
ERD	0.053437	0.058518	0.063428	0.068659	0.073554	0.078595	0.083463	0.088683	0.093664	0.098601	0.103684
Acc	0.847408	0.837832	0.828248	0.818640	0.809101	0.799530	0.789885	0.780267	0.770716	0.761086	0.751506
Mac-P	0.806880	0.799393	0.792267	0.785414	0.779008	0.772800	0.766805	0.760995	0.755744	0.750265	0.375753
Mac-R	0.763427	0.737111	0.710764	0.684404	0.658149	0.631871	0.605395	0.579019	0.552740	0.526326	0.500000
Mac-F1	0.780882	0.759361	0.736000	0.710510	0.682685	0.651943	0.617510	0.579073	0.535788	0.486160	0.429061
AUC	0.763427	0.737111	0.710764	0.684404	0.658149	0.631871	0.605395	0.579019	0.552740	0.526326	0.500000
MCC	0.568639	0.532864	0.496370	0.458815	0.420101	0.379319	0.335356	0.287190	0.232236	0.162280	0.000000
