lr
SPD	0.094520	0.084951	0.075704	0.066169	0.056800	0.047234	0.037576	0.028339	0.019088	0.010160	0.000000
AOD	0.077324	0.070191	0.063353	0.056068	0.049506	0.042530	0.035737	0.029434	0.022061	0.014920	0.000000
EOD	0.115435	0.105047	0.095132	0.084493	0.074714	0.064988	0.055101	0.046412	0.035290	0.024513	0.000000
ERD	0.068603	0.072673	0.076580	0.080681	0.085226	0.088699	0.093022	0.096520	0.100764	0.104608	0.108760
Acc	0.898032	0.895468	0.892920	0.890350	0.887768	0.885256	0.882655	0.880113	0.877565	0.875014	0.872441
Mac-P	0.793809	0.791463	0.789157	0.786867	0.784441	0.782403	0.780044	0.778101	0.776155	0.774086	0.436221
Mac-R	0.682654	0.664320	0.646148	0.627790	0.609525	0.591467	0.573000	0.554750	0.536507	0.518334	0.500000
Mac-F1	0.719609	0.702717	0.684691	0.665016	0.643781	0.620984	0.595496	0.567856	0.537390	0.503760	0.465937
AUC	0.682654	0.664320	0.646148	0.627790	0.609525	0.591467	0.573000	0.554750	0.536507	0.518334	0.500000
MCC	0.463233	0.437603	0.411054	0.382833	0.352904	0.321328	0.285836	0.246644	0.200645	0.141534	0.000000
rf
SPD	0.089661	0.080679	0.071709	0.062525	0.053900	0.044821	0.035477	0.027006	0.018391	0.009974	0.000000
AOD	0.051603	0.048302	0.045301	0.041337	0.038236	0.034874	0.029968	0.026413	0.020850	0.014408	0.000000
EOD	0.064438	0.061706	0.059456	0.055347	0.052403	0.049839	0.043830	0.040451	0.032759	0.023287	0.000000
ERD	0.070458	0.074320	0.078243	0.082146	0.086460	0.089749	0.093646	0.096910	0.100885	0.104820	0.108760
Acc	0.901141	0.898243	0.895431	0.892538	0.889628	0.886867	0.883930	0.881025	0.878188	0.875311	0.872441
Mac-P	0.791107	0.788111	0.785408	0.782561	0.779614	0.777504	0.774474	0.771678	0.769356	0.766727	0.436221
Mac-R	0.718411	0.696463	0.674844	0.652879	0.630973	0.609386	0.587404	0.565405	0.543689	0.521849	0.500000
Mac-F1	0.747022	0.729587	0.710964	0.690259	0.667581	0.643030	0.615227	0.584198	0.549794	0.510647	0.465937
AUC	0.718411	0.696463	0.674844	0.652879	0.630973	0.609386	0.587404	0.565405	0.543689	0.521849	0.500000
MCC	0.504218	0.475740	0.446683	0.415584	0.382636	0.348345	0.309658	0.266474	0.216805	0.152453	0.000000
svm
SPD	0.072767	0.065436	0.058330	0.050798	0.043778	0.036180	0.028922	0.022004	0.014981	0.008233	0.000000
AOD	0.052124	0.048393	0.044632	0.040174	0.036456	0.032259	0.027928	0.023974	0.018535	0.013185	0.000000
EOD	0.079085	0.073902	0.068756	0.062418	0.056778	0.051284	0.044735	0.039132	0.030537	0.022038	0.000000
ERD	0.069246	0.073353	0.077054	0.081019	0.085492	0.088844	0.093195	0.096613	0.100829	0.104639	0.108760
Acc	0.897223	0.894739	0.892273	0.889773	0.887272	0.884874	0.882344	0.879864	0.877397	0.874937	0.872441
Mac-P	0.795388	0.793178	0.791015	0.788831	0.786523	0.784847	0.782545	0.780535	0.778643	0.777091	0.436221
Mac-R	0.672903	0.655560	0.638369	0.620930	0.603632	0.586637	0.569122	0.551808	0.534544	0.517361	0.500000
Mac-F1	0.711367	0.694681	0.676931	0.657542	0.636751	0.614674	0.589896	0.563148	0.533894	0.501820	0.465937
AUC	0.672903	0.655560	0.638369	0.620930	0.603632	0.586637	0.569122	0.551808	0.534544	0.517361	0.500000
MCC	0.451911	0.427032	0.401249	0.373690	0.344530	0.314076	0.279375	0.240969	0.196044	0.138460	0.000000
