lr
SPD	0.176827	0.159113	0.141576	0.123704	0.106244	0.088642	0.070933	0.053309	0.035522	0.017960	0.000000
AOD	0.153748	0.138324	0.123135	0.107543	0.092449	0.077155	0.061772	0.046635	0.031619	0.016982	0.000000
EOD	0.101775	0.091652	0.081335	0.071177	0.061080	0.051184	0.041234	0.031395	0.021514	0.011527	0.000000
ERD	0.015866	0.014050	0.017197	0.024582	0.033801	0.043944	0.054491	0.065123	0.075617	0.086078	0.096882
Acc	0.674500	0.661555	0.648628	0.635668	0.622601	0.609635	0.596876	0.583618	0.570562	0.557778	0.544581
Mac-P	0.673377	0.663074	0.653947	0.645800	0.638351	0.631758	0.626048	0.620029	0.614630	0.611166	0.272291
Mac-R	0.665993	0.649439	0.632925	0.616344	0.599663	0.583086	0.566749	0.549880	0.533227	0.516830	0.500000
Mac-F1	0.666292	0.648097	0.628253	0.606327	0.581949	0.554901	0.524927	0.490249	0.451011	0.405946	0.352556
AUC	0.665993	0.649439	0.632925	0.616344	0.599663	0.583086	0.566749	0.549880	0.533227	0.516830	0.500000
MCC	0.339282	0.312204	0.286085	0.260464	0.234824	0.209227	0.183414	0.154706	0.123371	0.086418	0.000000
rf
SPD	0.145903	0.131164	0.116562	0.102180	0.087569	0.072764	0.058488	0.043832	0.029397	0.014958	0.000000
AOD	0.124528	0.111949	0.099548	0.087372	0.075061	0.062411	0.050508	0.038472	0.026879	0.015380	0.000000
EOD	0.085550	0.076792	0.068267	0.060265	0.051631	0.043409	0.035216	0.026995	0.019314	0.011316	0.000000
ERD	0.019816	0.018638	0.020728	0.026565	0.034599	0.044410	0.054638	0.064984	0.075651	0.086146	0.096882
Acc	0.650351	0.639795	0.629127	0.618348	0.608119	0.597563	0.586997	0.576412	0.565735	0.555280	0.544581
Mac-P	0.647204	0.636669	0.627423	0.619182	0.612522	0.606351	0.600762	0.595659	0.590753	0.587011	0.272291
Mac-R	0.645868	0.631297	0.616628	0.601842	0.587612	0.573023	0.558458	0.543883	0.529207	0.514744	0.500000
Mac-F1	0.646083	0.631147	0.614247	0.595062	0.573943	0.549376	0.521309	0.488930	0.451002	0.406496	0.352556
AUC	0.645868	0.631297	0.616628	0.601842	0.587612	0.573023	0.558458	0.543883	0.529207	0.514744	0.500000
MCC	0.293067	0.267907	0.243804	0.220331	0.198562	0.176231	0.153472	0.129551	0.102928	0.071576	0.000000
svm
SPD	0.163100	0.146816	0.130613	0.114182	0.097885	0.081828	0.065436	0.049150	0.032787	0.016640	0.000000
AOD	0.141012	0.126919	0.112966	0.098739	0.084716	0.070897	0.056823	0.042978	0.029333	0.016065	0.000000
EOD	0.089616	0.080787	0.071683	0.062872	0.053730	0.045241	0.036604	0.027832	0.019495	0.010738	0.000000
ERD	0.016400	0.014724	0.017622	0.024530	0.033395	0.043486	0.054074	0.064685	0.075477	0.085958	0.096882
Acc	0.668752	0.656362	0.644023	0.631666	0.619169	0.606777	0.594577	0.581954	0.569443	0.557216	0.544581
Mac-P	0.667472	0.657570	0.648839	0.641057	0.633892	0.627563	0.622026	0.616411	0.611209	0.607829	0.272291
Mac-R	0.660033	0.644059	0.628148	0.612191	0.596104	0.580119	0.564372	0.548148	0.532061	0.516248	0.500000
Mac-F1	0.660186	0.642451	0.623088	0.601677	0.577808	0.551288	0.521915	0.487870	0.449294	0.405041	0.352556
AUC	0.660033	0.644059	0.628148	0.612191	0.596104	0.580119	0.564372	0.548148	0.532061	0.516248	0.500000
MCC	0.327413	0.301315	0.276197	0.251576	0.226844	0.202159	0.177219	0.149686	0.119361	0.083623	0.000000
