lr
SPD	0.127912	0.115290	0.103119	0.089452	0.078363	0.066802	0.053828	0.042553	0.030860	0.019249	0.000000
AOD	0.122214	0.112930	0.103659	0.092453	0.083010	0.074001	0.062536	0.053178	0.041239	0.027989	0.000000
EOD	0.076391	0.070389	0.064019	0.057299	0.050806	0.044135	0.037385	0.031188	0.023658	0.016120	0.000000
ERD	0.048727	0.050886	0.053633	0.056593	0.059491	0.061605	0.065398	0.070207	0.072757	0.076269	0.080095
Acc	0.752667	0.747748	0.742629	0.738149	0.733519	0.728529	0.723829	0.718293	0.713367	0.708729	0.703667
Mac-P	0.702717	0.697034	0.691310	0.687193	0.682863	0.678417	0.674746	0.668557	0.664550	0.662626	0.351833
Mac-R	0.667976	0.651175	0.634083	0.617679	0.601374	0.584464	0.568029	0.550334	0.533394	0.517005	0.500000
Mac-F1	0.677457	0.661403	0.643595	0.624899	0.604428	0.581073	0.555684	0.525387	0.492449	0.455936	0.412949
AUC	0.667976	0.651175	0.634083	0.617679	0.601374	0.584464	0.568029	0.550334	0.533394	0.517005	0.500000
MCC	0.368673	0.344753	0.319865	0.296329	0.271722	0.244893	0.217327	0.183364	0.147286	0.103561	0.000000
rf
SPD	0.072879	0.066172	0.060054	0.052469	0.047117	0.041742	0.034408	0.028209	0.021959	0.014379	0.000000
AOD	0.072414	0.068543	0.065278	0.060055	0.056490	0.052782	0.046564	0.040566	0.033325	0.022967	0.000000
EOD	0.037530	0.034911	0.033224	0.030804	0.028549	0.025941	0.022914	0.019649	0.016020	0.010427	0.000000
ERD	0.053375	0.055260	0.057238	0.060990	0.062881	0.064888	0.067752	0.071741	0.075108	0.076898	0.080095
Acc	0.766133	0.759985	0.753145	0.747424	0.741109	0.735021	0.728899	0.722516	0.715948	0.709987	0.703667
Mac-P	0.735600	0.731114	0.725471	0.722345	0.717652	0.714147	0.711046	0.706465	0.700851	0.701040	0.351833
Mac-R	0.658023	0.642305	0.625646	0.610635	0.594873	0.579197	0.563486	0.547594	0.531296	0.515831	0.500000
Mac-F1	0.671738	0.654197	0.634263	0.614892	0.593053	0.569530	0.543897	0.515731	0.484090	0.450579	0.412949
AUC	0.658023	0.642305	0.625646	0.610635	0.594873	0.579197	0.563486	0.547594	0.531296	0.515831	0.500000
MCC	0.385282	0.362044	0.335927	0.312888	0.286515	0.259496	0.230398	0.197011	0.157009	0.110462	0.000000
svm
SPD	0.121754	0.109893	0.098607	0.085732	0.075289	0.064233	0.052139	0.041476	0.030357	0.018981	0.000000
AOD	0.118927	0.110017	0.100878	0.090333	0.081225	0.072677	0.062072	0.053098	0.041097	0.028147	0.000000
EOD	0.069603	0.064784	0.059267	0.053472	0.047550	0.042386	0.036069	0.030319	0.023176	0.016060	0.000000
ERD	0.047309	0.048863	0.051432	0.054482	0.057302	0.060467	0.064174	0.069100	0.071937	0.075879	0.080095
Acc	0.751267	0.746588	0.741565	0.737311	0.732711	0.727805	0.723236	0.717859	0.712996	0.708583	0.703667
Mac-P	0.700071	0.694381	0.688449	0.684310	0.679748	0.674965	0.671348	0.665103	0.660066	0.659401	0.351833
Mac-R	0.669724	0.652888	0.635512	0.619077	0.602510	0.585303	0.568721	0.550891	0.533640	0.517155	0.500000
Mac-F1	0.678241	0.662538	0.644809	0.626432	0.605961	0.582495	0.557161	0.526830	0.493410	0.456576	0.412949
AUC	0.669724	0.652888	0.635512	0.619077	0.602510	0.585303	0.568721	0.550891	0.533640	0.517155	0.500000
MCC	0.368153	0.344350	0.319150	0.295782	0.270898	0.243712	0.216300	0.182476	0.145825	0.103016	0.000000
