lr
SPD	0.197660	0.177955	0.158610	0.137723	0.118542	0.100646	0.080019	0.062200	0.043564	0.026615	0.000000
AOD	0.149467	0.137982	0.126657	0.113694	0.102188	0.092131	0.077527	0.064408	0.050271	0.033949	0.000000
EOD	0.168895	0.151846	0.137784	0.118831	0.101373	0.087045	0.071935	0.055721	0.040792	0.025417	0.000000
ERD	0.123902	0.126331	0.132252	0.133924	0.134450	0.138891	0.143670	0.145357	0.148328	0.150918	0.154038
Acc	0.752667	0.747748	0.742629	0.738149	0.733519	0.728529	0.723829	0.718293	0.713367	0.708729	0.703667
Mac-P	0.702717	0.697034	0.691310	0.687193	0.682863	0.678417	0.674746	0.668557	0.664550	0.662626	0.351833
Mac-R	0.667976	0.651175	0.634083	0.617679	0.601374	0.584464	0.568029	0.550334	0.533394	0.517005	0.500000
Mac-F1	0.677457	0.661403	0.643595	0.624899	0.604428	0.581073	0.555684	0.525387	0.492449	0.455936	0.412949
AUC	0.667976	0.651175	0.634083	0.617679	0.601374	0.584464	0.568029	0.550334	0.533394	0.517005	0.500000
MCC	0.368673	0.344753	0.319865	0.296329	0.271722	0.244893	0.217327	0.183364	0.147286	0.103561	0.000000
rf
SPD	0.109560	0.099090	0.088974	0.077984	0.068852	0.059659	0.048196	0.038897	0.029088	0.018654	0.000000
AOD	0.082474	0.079535	0.075314	0.070364	0.065784	0.059894	0.053793	0.046530	0.037902	0.025818	0.000000
EOD	0.066134	0.060478	0.056449	0.049895	0.044808	0.040288	0.034246	0.028938	0.023260	0.014531	0.000000
ERD	0.092930	0.097743	0.103760	0.110516	0.115808	0.123036	0.129970	0.135263	0.141720	0.147962	0.154038
Acc	0.766133	0.759985	0.753145	0.747424	0.741109	0.735021	0.728899	0.722516	0.715948	0.709987	0.703667
Mac-P	0.735600	0.731114	0.725471	0.722345	0.717652	0.714147	0.711046	0.706465	0.700851	0.701040	0.351833
Mac-R	0.658023	0.642305	0.625646	0.610635	0.594873	0.579197	0.563486	0.547594	0.531296	0.515831	0.500000
Mac-F1	0.671738	0.654197	0.634263	0.614892	0.593053	0.569530	0.543897	0.515731	0.484090	0.450579	0.412949
AUC	0.658023	0.642305	0.625646	0.610635	0.594873	0.579197	0.563486	0.547594	0.531296	0.515831	0.500000
MCC	0.385282	0.362044	0.335927	0.312888	0.286515	0.259496	0.230398	0.197011	0.157009	0.110462	0.000000
svm
SPD	0.192657	0.173371	0.154396	0.134293	0.115667	0.098222	0.078196	0.061220	0.042916	0.026538	0.000000
AOD	0.143508	0.133264	0.122587	0.110348	0.099913	0.090327	0.076622	0.064105	0.050103	0.034096	0.000000
EOD	0.166059	0.149171	0.135409	0.117044	0.100015	0.086127	0.071407	0.055485	0.040733	0.025608	0.000000
ERD	0.123860	0.126061	0.131920	0.133569	0.134248	0.139033	0.143854	0.145042	0.148383	0.150950	0.154038
Acc	0.751267	0.746588	0.741565	0.737311	0.732711	0.727805	0.723236	0.717859	0.712996	0.708583	0.703667
Mac-P	0.700071	0.694381	0.688449	0.684310	0.679748	0.674965	0.671348	0.665103	0.660066	0.659401	0.351833
Mac-R	0.669724	0.652888	0.635512	0.619077	0.602510	0.585303	0.568721	0.550891	0.533640	0.517155	0.500000
Mac-F1	0.678241	0.662538	0.644809	0.626432	0.605961	0.582495	0.557161	0.526830	0.493410	0.456576	0.412949
AUC	0.669724	0.652888	0.635512	0.619077	0.602510	0.585303	0.568721	0.550891	0.533640	0.517155	0.500000
MCC	0.368153	0.344350	0.319150	0.295782	0.270898	0.243712	0.216300	0.182476	0.145825	0.103016	0.000000
