lr
SPD	0.123304	0.110978	0.098716	0.086350	0.074027	0.061740	0.049295	0.037164	0.024836	0.012162	0.000000
AOD	0.121738	0.109640	0.097508	0.085316	0.073199	0.061095	0.048641	0.036989	0.024951	0.012680	0.000000
EOD	0.196436	0.176951	0.157309	0.137709	0.118126	0.098576	0.078464	0.059911	0.040466	0.020558	0.000000
ERD	0.075104	0.081191	0.087347	0.093352	0.099545	0.105673	0.111734	0.117582	0.123780	0.130256	0.136136
Acc	0.838585	0.833071	0.827554	0.822061	0.816531	0.810989	0.805553	0.800189	0.794695	0.789020	0.783602
Mac-P	0.783396	0.780221	0.777028	0.773788	0.771113	0.767935	0.765318	0.762710	0.760131	0.756734	0.413988
Mac-R	0.681761	0.663589	0.645331	0.627212	0.608975	0.590652	0.572742	0.554590	0.536439	0.518158	0.500000
Mac-F1	0.713807	0.696459	0.677700	0.657587	0.635716	0.611765	0.586229	0.557845	0.526560	0.491651	0.452943
AUC	0.681761	0.663589	0.645331	0.627212	0.608975	0.590652	0.572742	0.554590	0.536439	0.518158	0.500000
MCC	0.453839	0.428126	0.401215	0.373149	0.343659	0.311571	0.277708	0.239344	0.194495	0.136245	0.000000
rf
SPD	0.097425	0.087667	0.077960	0.068172	0.058476	0.048885	0.038849	0.029413	0.019591	0.009718	0.000000
AOD	0.073497	0.066218	0.058883	0.051572	0.044461	0.037658	0.029810	0.023334	0.016671	0.009560	0.000000
EOD	0.107593	0.096977	0.086163	0.075561	0.065274	0.055576	0.043860	0.034700	0.025401	0.014895	0.000000
ERD	0.088006	0.092836	0.097740	0.102459	0.107246	0.111963	0.116972	0.121693	0.126398	0.131526	0.136136
Acc	0.829593	0.824973	0.820336	0.815705	0.811163	0.806548	0.801922	0.797389	0.792804	0.788103	0.783602
Mac-P	0.765373	0.762390	0.759288	0.756198	0.753541	0.750668	0.747822	0.745180	0.742596	0.739267	0.413988
Mac-R	0.674196	0.656793	0.639246	0.621864	0.604474	0.586881	0.569654	0.552288	0.534864	0.517399	0.500000
Mac-F1	0.703347	0.686925	0.669053	0.649882	0.629111	0.606177	0.581598	0.554362	0.524149	0.490503	0.452943
AUC	0.674196	0.656793	0.639246	0.621864	0.604474	0.586881	0.569654	0.552288	0.534864	0.517399	0.500000
MCC	0.429900	0.405549	0.379912	0.353261	0.325370	0.295008	0.262616	0.226271	0.183710	0.128755	0.000000
svm
SPD	0.098560	0.088695	0.078910	0.068980	0.059114	0.049325	0.039410	0.029693	0.019839	0.009755	0.000000
AOD	0.087177	0.078495	0.069832	0.061072	0.052307	0.043873	0.034979	0.026757	0.018614	0.010081	0.000000
EOD	0.141018	0.126997	0.112920	0.098868	0.084572	0.071039	0.056576	0.043496	0.030494	0.016616	0.000000
ERD	0.080113	0.085709	0.091369	0.096823	0.102610	0.108134	0.113792	0.119184	0.124830	0.130739	0.136136
Acc	0.836510	0.831211	0.825899	0.820623	0.815296	0.809955	0.804703	0.799545	0.794232	0.788820	0.783602
Mac-P	0.787411	0.784492	0.781534	0.778480	0.776086	0.772927	0.770633	0.768198	0.765560	0.762519	0.413988
Mac-R	0.671325	0.654219	0.636960	0.619909	0.602721	0.585424	0.568587	0.551441	0.534286	0.517103	0.500000
Mac-F1	0.705036	0.687842	0.669242	0.649471	0.628035	0.604643	0.579946	0.552525	0.522491	0.489396	0.452943
AUC	0.671325	0.654219	0.636960	0.619909	0.602721	0.585424	0.568587	0.551441	0.534286	0.517103	0.500000
MCC	0.443717	0.418828	0.392629	0.365357	0.336683	0.305241	0.272333	0.234731	0.190591	0.133679	0.000000
